blockname,event_id_char,event_ts,trial_start_ts,trial_num,spout,trial_num_tastant,event_ts_rel,experiment,cohort,date,solution,solution_type,solution_value
2022_06_10_abb12,lick_04,11074,10852,1,spout04,1,222,abb,2,6/10/2022,sucrose30,sucrose,30
2022_06_10_abb12,lick_04,11171,10852,1,spout04,1,319,abb,2,6/10/2022,sucrose30,sucrose,30
2022_06_10_abb12,lick_04,11294,10852,1,spout04,1,442,abb,2,6/10/2022,sucrose30,sucrose,30
2022_06_10_abb12,lick_04,11411,10852,1,spout04,1,559,abb,2,6/10/2022,sucrose30,sucrose,30
2022_06_10_abb12,lick_04,11566,10852,1,spout04,1,714,abb,2,6/10/2022,sucrose30,sucrose,30
2022_06_10_abb12,lick_04,11662,10852,1,spout04,1,810,abb,2,6/10/2022,sucrose30,sucrose,30
2022_06_10_abb12,lick_04,11816,10852,1,spout04,1,964,abb,2,6/10/2022,sucrose30,sucrose,30
2022_06_10_abb12,lick_04,11913,10852,1,spout04,1,1061,abb,2,6/10/2022,sucrose30,sucrose,30
2022_06_10_abb12,lick_04,12080,10852,1,spout04,1,1228,abb,2,6/10/2022,sucrose30,sucrose,30
2022_06_10_abb12,lick_04,12172,10852,1,spout04,1,1320,abb,2,6/10/2022,sucrose30,sucrose,30
2022_06_10_abb12,lick_04,12335,10852,1,spout04,1,1483,abb,2,6/10/2022,sucrose30,sucrose,30
2022_06_10_abb12,lick_04,12439,10852,1,spout04,1,1587,abb,2,6/10/2022,sucrose30,sucrose,30
2022_06_10_abb12,lick_04,12578,10852,1,spout04,1,1726,abb,2,6/10/2022,sucrose30,sucrose,30
2022_06_10_abb12,lick_04,12605,10852,1,spout04,1,1753,abb,2,6/10/2022,sucrose30,sucrose,30
2022_06_10_abb12,lick_04,12705,10852,1,spout04,1,1853,abb,2,6/10/2022,sucrose30,sucrose,30
2022_06_10_abb12,lick_04,12845,10852,1,spout04,1,1993,abb,2,6/10/2022,sucrose30,sucrose,30
2022_06_10_abb12,lick_04,12973,10852,1,spout04,1,2121,abb,2,6/10/2022,sucrose30,sucrose,30
2022_06_10_abb12,lick_04,13115,10852,1,spout04,1,2263,abb,2,6/10/2022,sucrose30,sucrose,30
2022_06_10_abb12,lick_04,13255,10852,1,spout04,1,2403,abb,2,6/10/2022,sucrose30,sucrose,30
2022_06_10_abb12,lick_04,13386,10852,1,spout04,1,2534,abb,2,6/10/2022,sucrose30,sucrose,30
2022_06_10_abb12,lick_04,13529,10852,1,spout04,1,2677,abb,2,6/10/2022,sucrose30,sucrose,30
2022_06_10_abb12,lick_04,13668,10852,1,spout04,1,2816,abb,2,6/10/2022,sucrose30,sucrose,30
2022_06_10_abb12,lick_04,13811,10852,1,spout04,1,2959,abb,2,6/10/2022,sucrose30,sucrose,30
2022_06_10_abb12,lick,22789,22537,2,spout01,1,252,abb,2,6/10/2022,sucrose05,sucrose,5
2022_06_10_abb12,lick,23005,22537,2,spout01,1,468,abb,2,6/10/2022,sucrose05,sucrose,5
2022_06_10_abb12,lick,23124,22537,2,spout01,1,587,abb,2,6/10/2022,sucrose05,sucrose,5
2022_06_10_abb12,lick,23233,22537,2,spout01,1,696,abb,2,6/10/2022,sucrose05,sucrose,5
2022_06_10_abb12,lick,23341,22537,2,spout01,1,804,abb,2,6/10/2022,sucrose05,sucrose,5
2022_06_10_abb12,lick,23449,22537,2,spout01,1,912,abb,2,6/10/2022,sucrose05,sucrose,5
2022_06_10_abb12,lick,23576,22537,2,spout01,1,1039,abb,2,6/10/2022,sucrose05,sucrose,5
2022_06_10_abb12,lick,23697,22537,2,spout01,1,1160,abb,2,6/10/2022,sucrose05,sucrose,5
2022_06_10_abb12,lick,23800,22537,2,spout01,1,1263,abb,2,6/10/2022,sucrose05,sucrose,5
2022_06_10_abb12,lick,23924,22537,2,spout01,1,1387,abb,2,6/10/2022,sucrose05,sucrose,5
2022_06_10_abb12,lick,24036,22537,2,spout01,1,1499,abb,2,6/10/2022,sucrose05,sucrose,5
2022_06_10_abb12,lick,24153,22537,2,spout01,1,1616,abb,2,6/10/2022,sucrose05,sucrose,5
2022_06_10_abb12,lick,24276,22537,2,spout01,1,1739,abb,2,6/10/2022,sucrose05,sucrose,5
2022_06_10_abb12,lick,24399,22537,2,spout01,1,1862,abb,2,6/10/2022,sucrose05,sucrose,5
2022_06_10_abb12,lick,24527,22537,2,spout01,1,1990,abb,2,6/10/2022,sucrose05,sucrose,5
2022_06_10_abb12,lick,24639,22537,2,spout01,1,2102,abb,2,6/10/2022,sucrose05,sucrose,5
2022_06_10_abb12,lick,24760,22537,2,spout01,1,2223,abb,2,6/10/2022,sucrose05,sucrose,5
2022_06_10_abb12,lick,24887,22537,2,spout01,1,2350,abb,2,6/10/2022,sucrose05,sucrose,5
2022_06_10_abb12,lick,25007,22537,2,spout01,1,2470,abb,2,6/10/2022,sucrose05,sucrose,5
2022_06_10_abb12,lick,25146,22537,2,spout01,1,2609,abb,2,6/10/2022,sucrose05,sucrose,5
2022_06_10_abb12,lick,25273,22537,2,spout01,1,2736,abb,2,6/10/2022,sucrose05,sucrose,5
2022_06_10_abb12,lick,25532,22537,2,spout01,1,2995,abb,2,6/10/2022,sucrose05,sucrose,5
2022_06_10_abb12,lick_02,35810,35502,3,spout02,1,308,abb,2,6/10/2022,sucrose20,sucrose,20
2022_06_10_abb12,lick_02,36154,35502,3,spout02,1,652,abb,2,6/10/2022,sucrose20,sucrose,20
2022_06_10_abb12,lick_02,36282,35502,3,spout02,1,780,abb,2,6/10/2022,sucrose20,sucrose,20
2022_06_10_abb12,lick_02,36406,35502,3,spout02,1,904,abb,2,6/10/2022,sucrose20,sucrose,20
2022_06_10_abb12,lick_02,36501,35502,3,spout02,1,999,abb,2,6/10/2022,sucrose20,sucrose,20
2022_06_10_abb12,lick_02,36652,35502,3,spout02,1,1150,abb,2,6/10/2022,sucrose20,sucrose,20
2022_06_10_abb12,lick_02,36772,35502,3,spout02,1,1270,abb,2,6/10/2022,sucrose20,sucrose,20
2022_06_10_abb12,lick_02,36873,35502,3,spout02,1,1371,abb,2,6/10/2022,sucrose20,sucrose,20
2022_06_10_abb12,lick_02,37000,35502,3,spout02,1,1498,abb,2,6/10/2022,sucrose20,sucrose,20
2022_06_10_abb12,lick_02,37124,35502,3,spout02,1,1622,abb,2,6/10/2022,sucrose20,sucrose,20
2022_06_10_abb12,lick_02,37255,35502,3,spout02,1,1753,abb,2,6/10/2022,sucrose20,sucrose,20
2022_06_10_abb12,lick_02,37374,35502,3,spout02,1,1872,abb,2,6/10/2022,sucrose20,sucrose,20
2022_06_10_abb12,lick_02,37506,35502,3,spout02,1,2004,abb,2,6/10/2022,sucrose20,sucrose,20
2022_06_10_abb12,lick_02,37642,35502,3,spout02,1,2140,abb,2,6/10/2022,sucrose20,sucrose,20
2022_06_10_abb12,lick_02,37765,35502,3,spout02,1,2263,abb,2,6/10/2022,sucrose20,sucrose,20
2022_06_10_abb12,lick_02,37889,35502,3,spout02,1,2387,abb,2,6/10/2022,sucrose20,sucrose,20
2022_06_10_abb12,lick_02,38017,35502,3,spout02,1,2515,abb,2,6/10/2022,sucrose20,sucrose,20
2022_06_10_abb12,lick_02,38155,35502,3,spout02,1,2653,abb,2,6/10/2022,sucrose20,sucrose,20
2022_06_10_abb12,lick_02,38283,35502,3,spout02,1,2781,abb,2,6/10/2022,sucrose20,sucrose,20
2022_06_10_abb12,lick_02,38411,35502,3,spout02,1,2909,abb,2,6/10/2022,sucrose20,sucrose,20
2022_06_10_abb12,lick,50926,50637,4,spout01,2,289,abb,2,6/10/2022,sucrose05,sucrose,5
2022_06_10_abb12,lick,51049,50637,4,spout01,2,412,abb,2,6/10/2022,sucrose05,sucrose,5
2022_06_10_abb12,lick,51173,50637,4,spout01,2,536,abb,2,6/10/2022,sucrose05,sucrose,5
2022_06_10_abb12,lick,51289,50637,4,spout01,2,652,abb,2,6/10/2022,sucrose05,sucrose,5
2022_06_10_abb12,lick,51397,50637,4,spout01,2,760,abb,2,6/10/2022,sucrose05,sucrose,5
2022_06_10_abb12,lick,51497,50637,4,spout01,2,860,abb,2,6/10/2022,sucrose05,sucrose,5
2022_06_10_abb12,lick,51620,50637,4,spout01,2,983,abb,2,6/10/2022,sucrose05,sucrose,5
2022_06_10_abb12,lick,52126,50637,4,spout01,2,1489,abb,2,6/10/2022,sucrose05,sucrose,5
2022_06_10_abb12,lick,52274,50637,4,spout01,2,1637,abb,2,6/10/2022,sucrose05,sucrose,5
2022_06_10_abb12,lick,52370,50637,4,spout01,2,1733,abb,2,6/10/2022,sucrose05,sucrose,5
2022_06_10_abb12,lick,52526,50637,4,spout01,2,1889,abb,2,6/10/2022,sucrose05,sucrose,5
2022_06_10_abb12,lick,52618,50637,4,spout01,2,1981,abb,2,6/10/2022,sucrose05,sucrose,5
2022_06_10_abb12,lick,52749,50637,4,spout01,2,2112,abb,2,6/10/2022,sucrose05,sucrose,5
2022_06_10_abb12,lick,52869,50637,4,spout01,2,2232,abb,2,6/10/2022,sucrose05,sucrose,5
2022_06_10_abb12,lick_03,64247,64013,5,spout03,1,234,abb,2,6/10/2022,sucrose00,sucrose,0
2022_06_10_abb12,lick_03,64375,64013,5,spout03,1,362,abb,2,6/10/2022,sucrose00,sucrose,0
2022_06_10_abb12,lick_03,64491,64013,5,spout03,1,478,abb,2,6/10/2022,sucrose00,sucrose,0
2022_06_10_abb12,lick_03,64591,64013,5,spout03,1,578,abb,2,6/10/2022,sucrose00,sucrose,0
2022_06_10_abb12,lick_03,64731,64013,5,spout03,1,718,abb,2,6/10/2022,sucrose00,sucrose,0
2022_06_10_abb12,lick_03,64842,64013,5,spout03,1,829,abb,2,6/10/2022,sucrose00,sucrose,0
2022_06_10_abb12,lick_03,64973,64013,5,spout03,1,960,abb,2,6/10/2022,sucrose00,sucrose,0
2022_06_10_abb12,lick_05,78358,78140,6,spout05,1,218,abb,2,6/10/2022,sucrose10,sucrose,10
2022_06_10_abb12,lick_05,78578,78140,6,spout05,1,438,abb,2,6/10/2022,sucrose10,sucrose,10
2022_06_10_abb12,lick_05,78691,78140,6,spout05,1,551,abb,2,6/10/2022,sucrose10,sucrose,10
2022_06_10_abb12,lick_05,78822,78140,6,spout05,1,682,abb,2,6/10/2022,sucrose10,sucrose,10
2022_06_10_abb12,lick_05,78950,78140,6,spout05,1,810,abb,2,6/10/2022,sucrose10,sucrose,10
2022_06_10_abb12,lick_05,79078,78140,6,spout05,1,938,abb,2,6/10/2022,sucrose10,sucrose,10
2022_06_10_abb12,lick_05,79209,78140,6,spout05,1,1069,abb,2,6/10/2022,sucrose10,sucrose,10
2022_06_10_abb12,lick_05,79336,78140,6,spout05,1,1196,abb,2,6/10/2022,sucrose10,sucrose,10
2022_06_10_abb12,lick_05,79475,78140,6,spout05,1,1335,abb,2,6/10/2022,sucrose10,sucrose,10
2022_06_10_abb12,lick_05,79580,78140,6,spout05,1,1440,abb,2,6/10/2022,sucrose10,sucrose,10
2022_06_10_abb12,lick_05,79727,78140,6,spout05,1,1587,abb,2,6/10/2022,sucrose10,sucrose,10
2022_06_10_abb12,lick_05,79846,78140,6,spout05,1,1706,abb,2,6/10/2022,sucrose10,sucrose,10
2022_06_10_abb12,lick_05,79978,78140,6,spout05,1,1838,abb,2,6/10/2022,sucrose10,sucrose,10
2022_06_10_abb12,lick_05,80113,78140,6,spout05,1,1973,abb,2,6/10/2022,sucrose10,sucrose,10
2022_06_10_abb12,lick_05,80244,78140,6,spout05,1,2104,abb,2,6/10/2022,sucrose10,sucrose,10
2022_06_10_abb12,lick_05,80634,78140,6,spout05,1,2494,abb,2,6/10/2022,sucrose10,sucrose,10
2022_06_10_abb12,lick_05,80920,78140,6,spout05,1,2780,abb,2,6/10/2022,sucrose10,sucrose,10
2022_06_10_abb12,lick_05,81071,78140,6,spout05,1,2931,abb,2,6/10/2022,sucrose10,sucrose,10
2022_06_10_abb12,lick_04,90593,90384,7,spout04,2,209,abb,2,6/10/2022,sucrose30,sucrose,30
2022_06_10_abb12,lick_04,90847,90384,7,spout04,2,463,abb,2,6/10/2022,sucrose30,sucrose,30
2022_06_10_abb12,lick_04,91079,90384,7,spout04,2,695,abb,2,6/10/2022,sucrose30,sucrose,30
2022_06_10_abb12,lick_04,91168,90384,7,spout04,2,784,abb,2,6/10/2022,sucrose30,sucrose,30
2022_06_10_abb12,lick_04,91334,90384,7,spout04,2,950,abb,2,6/10/2022,sucrose30,sucrose,30
2022_06_10_abb12,lick_04,91439,90384,7,spout04,2,1055,abb,2,6/10/2022,sucrose30,sucrose,30
2022_06_10_abb12,lick_04,91589,90384,7,spout04,2,1205,abb,2,6/10/2022,sucrose30,sucrose,30
2022_06_10_abb12,lick_04,91705,90384,7,spout04,2,1321,abb,2,6/10/2022,sucrose30,sucrose,30
2022_06_10_abb12,lick_04,91891,90384,7,spout04,2,1507,abb,2,6/10/2022,sucrose30,sucrose,30
2022_06_10_abb12,lick_04,92011,90384,7,spout04,2,1627,abb,2,6/10/2022,sucrose30,sucrose,30
2022_06_10_abb12,lick_04,92153,90384,7,spout04,2,1769,abb,2,6/10/2022,sucrose30,sucrose,30
2022_06_10_abb12,lick_04,92173,90384,7,spout04,2,1789,abb,2,6/10/2022,sucrose30,sucrose,30
2022_06_10_abb12,lick_04,92289,90384,7,spout04,2,1905,abb,2,6/10/2022,sucrose30,sucrose,30
2022_06_10_abb12,lick_04,92440,90384,7,spout04,2,2056,abb,2,6/10/2022,sucrose30,sucrose,30
2022_06_10_abb12,lick_04,92578,90384,7,spout04,2,2194,abb,2,6/10/2022,sucrose30,sucrose,30
2022_06_10_abb12,lick_04,92737,90384,7,spout04,2,2353,abb,2,6/10/2022,sucrose30,sucrose,30
2022_06_10_abb12,lick_04,92880,90384,7,spout04,2,2496,abb,2,6/10/2022,sucrose30,sucrose,30
2022_06_10_abb12,lick_04,93011,90384,7,spout04,2,2627,abb,2,6/10/2022,sucrose30,sucrose,30
2022_06_10_abb12,lick_04,93139,90384,7,spout04,2,2755,abb,2,6/10/2022,sucrose30,sucrose,30
2022_06_10_abb12,lick_04,93278,90384,7,spout04,2,2894,abb,2,6/10/2022,sucrose30,sucrose,30
2022_06_10_abb12,lick_02,103625,103327,8,spout02,2,298,abb,2,6/10/2022,sucrose20,sucrose,20
2022_06_10_abb12,lick_02,103745,103327,8,spout02,2,418,abb,2,6/10/2022,sucrose20,sucrose,20
2022_06_10_abb12,lick_02,103857,103327,8,spout02,2,530,abb,2,6/10/2022,sucrose20,sucrose,20
2022_06_10_abb12,lick_02,103976,103327,8,spout02,2,649,abb,2,6/10/2022,sucrose20,sucrose,20
2022_06_10_abb12,lick_02,104093,103327,8,spout02,2,766,abb,2,6/10/2022,sucrose20,sucrose,20
2022_06_10_abb12,lick_02,104213,103327,8,spout02,2,886,abb,2,6/10/2022,sucrose20,sucrose,20
2022_06_10_abb12,lick_02,104699,103327,8,spout02,2,1372,abb,2,6/10/2022,sucrose20,sucrose,20
2022_06_10_abb12,lick_02,104819,103327,8,spout02,2,1492,abb,2,6/10/2022,sucrose20,sucrose,20
2022_06_10_abb12,lick_02,104946,103327,8,spout02,2,1619,abb,2,6/10/2022,sucrose20,sucrose,20
2022_06_10_abb12,lick_02,105082,103327,8,spout02,2,1755,abb,2,6/10/2022,sucrose20,sucrose,20
2022_06_10_abb12,lick_02,105202,103327,8,spout02,2,1875,abb,2,6/10/2022,sucrose20,sucrose,20
2022_06_10_abb12,lick_02,105708,103327,8,spout02,2,2381,abb,2,6/10/2022,sucrose20,sucrose,20
2022_06_10_abb12,lick_05,119486,119243,9,spout05,2,243,abb,2,6/10/2022,sucrose10,sucrose,10
2022_06_10_abb12,lick_05,119590,119243,9,spout05,2,347,abb,2,6/10/2022,sucrose10,sucrose,10
2022_06_10_abb12,lick_05,119718,119243,9,spout05,2,475,abb,2,6/10/2022,sucrose10,sucrose,10
2022_06_10_abb12,lick_05,119822,119243,9,spout05,2,579,abb,2,6/10/2022,sucrose10,sucrose,10
2022_06_10_abb12,lick_05,119942,119243,9,spout05,2,699,abb,2,6/10/2022,sucrose10,sucrose,10
2022_06_10_abb12,lick_05,120074,119243,9,spout05,2,831,abb,2,6/10/2022,sucrose10,sucrose,10
2022_06_10_abb12,lick_05,120201,119243,9,spout05,2,958,abb,2,6/10/2022,sucrose10,sucrose,10
2022_06_10_abb12,lick_05,120545,119243,9,spout05,2,1302,abb,2,6/10/2022,sucrose10,sucrose,10
2022_06_10_abb12,lick_05,120691,119243,9,spout05,2,1448,abb,2,6/10/2022,sucrose10,sucrose,10
2022_06_10_abb12,lick_05,120947,119243,9,spout05,2,1704,abb,2,6/10/2022,sucrose10,sucrose,10
2022_06_10_abb12,lick_03,132273,132038,10,spout03,2,235,abb,2,6/10/2022,sucrose00,sucrose,0
2022_06_10_abb12,lick_03,132392,132038,10,spout03,2,354,abb,2,6/10/2022,sucrose00,sucrose,0
2022_06_10_abb12,lick_03,132493,132038,10,spout03,2,455,abb,2,6/10/2022,sucrose00,sucrose,0
2022_06_10_abb12,lick_03,132609,132038,10,spout03,2,571,abb,2,6/10/2022,sucrose00,sucrose,0
2022_06_10_abb12,lick_03,132741,132038,10,spout03,2,703,abb,2,6/10/2022,sucrose00,sucrose,0
2022_06_10_abb12,lick_03,134096,132038,10,spout03,2,2058,abb,2,6/10/2022,sucrose00,sucrose,0
2022_06_10_abb12,lick_03,134233,132038,10,spout03,2,2195,abb,2,6/10/2022,sucrose00,sucrose,0
2022_06_10_abb12,lick_03,134322,132038,10,spout03,2,2284,abb,2,6/10/2022,sucrose00,sucrose,0
2022_06_10_abb12,lick_05,145063,144829,11,spout05,3,234,abb,2,6/10/2022,sucrose10,sucrose,10
2022_06_10_abb12,lick_05,145180,144829,11,spout05,3,351,abb,2,6/10/2022,sucrose10,sucrose,10
2022_06_10_abb12,lick_05,145307,144829,11,spout05,3,478,abb,2,6/10/2022,sucrose10,sucrose,10
2022_06_10_abb12,lick_05,145427,144829,11,spout05,3,598,abb,2,6/10/2022,sucrose10,sucrose,10
2022_06_10_abb12,lick_05,145569,144829,11,spout05,3,740,abb,2,6/10/2022,sucrose10,sucrose,10
2022_06_10_abb12,lick_05,145693,144829,11,spout05,3,864,abb,2,6/10/2022,sucrose10,sucrose,10
2022_06_10_abb12,lick_05,145817,144829,11,spout05,3,988,abb,2,6/10/2022,sucrose10,sucrose,10
2022_06_10_abb12,lick_05,145937,144829,11,spout05,3,1108,abb,2,6/10/2022,sucrose10,sucrose,10
2022_06_10_abb12,lick_05,146079,144829,11,spout05,3,1250,abb,2,6/10/2022,sucrose10,sucrose,10
2022_06_10_abb12,lick_05,146192,144829,11,spout05,3,1363,abb,2,6/10/2022,sucrose10,sucrose,10
2022_06_10_abb12,lick_05,146312,144829,11,spout05,3,1483,abb,2,6/10/2022,sucrose10,sucrose,10
2022_06_10_abb12,lick_05,146432,144829,11,spout05,3,1603,abb,2,6/10/2022,sucrose10,sucrose,10
2022_06_10_abb12,lick_05,146551,144829,11,spout05,3,1722,abb,2,6/10/2022,sucrose10,sucrose,10
2022_06_10_abb12,lick_05,146679,144829,11,spout05,3,1850,abb,2,6/10/2022,sucrose10,sucrose,10
2022_06_10_abb12,lick_05,146791,144829,11,spout05,3,1962,abb,2,6/10/2022,sucrose10,sucrose,10
2022_06_10_abb12,lick_05,146907,144829,11,spout05,3,2078,abb,2,6/10/2022,sucrose10,sucrose,10
2022_06_10_abb12,lick_05,147050,144829,11,spout05,3,2221,abb,2,6/10/2022,sucrose10,sucrose,10
2022_06_10_abb12,lick_05,147159,144829,11,spout05,3,2330,abb,2,6/10/2022,sucrose10,sucrose,10
2022_06_10_abb12,lick_05,147301,144829,11,spout05,3,2472,abb,2,6/10/2022,sucrose10,sucrose,10
2022_06_10_abb12,lick_05,147433,144829,11,spout05,3,2604,abb,2,6/10/2022,sucrose10,sucrose,10
2022_06_10_abb12,lick_05,147571,144829,11,spout05,3,2742,abb,2,6/10/2022,sucrose10,sucrose,10
2022_06_10_abb12,lick_05,147702,144829,11,spout05,3,2873,abb,2,6/10/2022,sucrose10,sucrose,10
2022_06_10_abb12,lick_05,147826,144829,11,spout05,3,2997,abb,2,6/10/2022,sucrose10,sucrose,10
2022_06_10_abb12,lick_02,156791,156547,12,spout02,3,244,abb,2,6/10/2022,sucrose20,sucrose,20
2022_06_10_abb12,lick_02,156879,156547,12,spout02,3,332,abb,2,6/10/2022,sucrose20,sucrose,20
2022_06_10_abb12,lick_02,157100,156547,12,spout02,3,553,abb,2,6/10/2022,sucrose20,sucrose,20
2022_06_10_abb12,lick_02,157444,156547,12,spout02,3,897,abb,2,6/10/2022,sucrose20,sucrose,20
2022_06_10_abb12,lick_02,157544,156547,12,spout02,3,997,abb,2,6/10/2022,sucrose20,sucrose,20
2022_06_10_abb12,lick_02,157668,156547,12,spout02,3,1121,abb,2,6/10/2022,sucrose20,sucrose,20
2022_06_10_abb12,lick_02,157791,156547,12,spout02,3,1244,abb,2,6/10/2022,sucrose20,sucrose,20
2022_06_10_abb12,lick_02,157919,156547,12,spout02,3,1372,abb,2,6/10/2022,sucrose20,sucrose,20
2022_06_10_abb12,lick_02,158039,156547,12,spout02,3,1492,abb,2,6/10/2022,sucrose20,sucrose,20
2022_06_10_abb12,lick_02,158170,156547,12,spout02,3,1623,abb,2,6/10/2022,sucrose20,sucrose,20
2022_06_10_abb12,lick_02,158286,156547,12,spout02,3,1739,abb,2,6/10/2022,sucrose20,sucrose,20
2022_06_10_abb12,lick_02,158394,156547,12,spout02,3,1847,abb,2,6/10/2022,sucrose20,sucrose,20
2022_06_10_abb12,lick_02,158522,156547,12,spout02,3,1975,abb,2,6/10/2022,sucrose20,sucrose,20
2022_06_10_abb12,lick_02,158642,156547,12,spout02,3,2095,abb,2,6/10/2022,sucrose20,sucrose,20
2022_06_10_abb12,lick_02,158766,156547,12,spout02,3,2219,abb,2,6/10/2022,sucrose20,sucrose,20
2022_06_10_abb12,lick_02,158888,156547,12,spout02,3,2341,abb,2,6/10/2022,sucrose20,sucrose,20
2022_06_10_abb12,lick_02,159012,156547,12,spout02,3,2465,abb,2,6/10/2022,sucrose20,sucrose,20
2022_06_10_abb12,lick_02,159140,156547,12,spout02,3,2593,abb,2,6/10/2022,sucrose20,sucrose,20
2022_06_10_abb12,lick_02,159391,156547,12,spout02,3,2844,abb,2,6/10/2022,sucrose20,sucrose,20
2022_06_10_abb12,lick_02,159515,156547,12,spout02,3,2968,abb,2,6/10/2022,sucrose20,sucrose,20
2022_06_10_abb12,lick,171129,170845,13,spout01,3,284,abb,2,6/10/2022,sucrose05,sucrose,5
2022_06_10_abb12,lick,171256,170845,13,spout01,3,411,abb,2,6/10/2022,sucrose05,sucrose,5
2022_06_10_abb12,lick,171376,170845,13,spout01,3,531,abb,2,6/10/2022,sucrose05,sucrose,5
2022_06_10_abb12,lick,171492,170845,13,spout01,3,647,abb,2,6/10/2022,sucrose05,sucrose,5
2022_06_10_abb12,lick,171616,170845,13,spout01,3,771,abb,2,6/10/2022,sucrose05,sucrose,5
2022_06_10_abb12,lick,171971,170845,13,spout01,3,1126,abb,2,6/10/2022,sucrose05,sucrose,5
2022_06_10_abb12,lick,172099,170845,13,spout01,3,1254,abb,2,6/10/2022,sucrose05,sucrose,5
2022_06_10_abb12,lick_04,183638,183452,14,spout04,3,186,abb,2,6/10/2022,sucrose30,sucrose,30
2022_06_10_abb12,lick_04,184121,183452,14,spout04,3,669,abb,2,6/10/2022,sucrose30,sucrose,30
2022_06_10_abb12,lick_04,184503,183452,14,spout04,3,1051,abb,2,6/10/2022,sucrose30,sucrose,30
2022_06_10_abb12,lick_04,184620,183452,14,spout04,3,1168,abb,2,6/10/2022,sucrose30,sucrose,30
2022_06_10_abb12,lick_04,184766,183452,14,spout04,3,1314,abb,2,6/10/2022,sucrose30,sucrose,30
2022_06_10_abb12,lick_04,184862,183452,14,spout04,3,1410,abb,2,6/10/2022,sucrose30,sucrose,30
2022_06_10_abb12,lick_04,185021,183452,14,spout04,3,1569,abb,2,6/10/2022,sucrose30,sucrose,30
2022_06_10_abb12,lick_04,185117,183452,14,spout04,3,1665,abb,2,6/10/2022,sucrose30,sucrose,30
2022_06_10_abb12,lick_04,185245,183452,14,spout04,3,1793,abb,2,6/10/2022,sucrose30,sucrose,30
2022_06_10_abb12,lick_04,185377,183452,14,spout04,3,1925,abb,2,6/10/2022,sucrose30,sucrose,30
2022_06_10_abb12,lick_04,185508,183452,14,spout04,3,2056,abb,2,6/10/2022,sucrose30,sucrose,30
2022_06_10_abb12,lick_04,185639,183452,14,spout04,3,2187,abb,2,6/10/2022,sucrose30,sucrose,30
2022_06_10_abb12,lick_04,185779,183452,14,spout04,3,2327,abb,2,6/10/2022,sucrose30,sucrose,30
2022_06_10_abb12,lick_04,185918,183452,14,spout04,3,2466,abb,2,6/10/2022,sucrose30,sucrose,30
2022_06_10_abb12,lick_04,186060,183452,14,spout04,3,2608,abb,2,6/10/2022,sucrose30,sucrose,30
2022_06_10_abb12,lick_04,186195,183452,14,spout04,3,2743,abb,2,6/10/2022,sucrose30,sucrose,30
2022_06_10_abb12,lick_04,186343,183452,14,spout04,3,2891,abb,2,6/10/2022,sucrose30,sucrose,30
2022_06_10_abb12,lick_05,198115,197903,15,spout05,4,212,abb,2,6/10/2022,sucrose10,sucrose,10
2022_06_10_abb12,lick_05,198250,197903,15,spout05,4,347,abb,2,6/10/2022,sucrose10,sucrose,10
2022_06_10_abb12,lick_05,198347,197903,15,spout05,4,444,abb,2,6/10/2022,sucrose10,sucrose,10
2022_06_10_abb12,lick_05,198505,197903,15,spout05,4,602,abb,2,6/10/2022,sucrose10,sucrose,10
2022_06_10_abb12,lick_05,198633,197903,15,spout05,4,730,abb,2,6/10/2022,sucrose10,sucrose,10
2022_06_10_abb12,lick_05,198733,197903,15,spout05,4,830,abb,2,6/10/2022,sucrose10,sucrose,10
2022_06_10_abb12,lick_05,200008,197903,15,spout05,4,2105,abb,2,6/10/2022,sucrose10,sucrose,10
2022_06_10_abb12,lick_05,200132,197903,15,spout05,4,2229,abb,2,6/10/2022,sucrose10,sucrose,10
2022_06_10_abb12,lick_05,200306,197903,15,spout05,4,2403,abb,2,6/10/2022,sucrose10,sucrose,10
2022_06_10_abb12,lick_05,200391,197903,15,spout05,4,2488,abb,2,6/10/2022,sucrose10,sucrose,10
2022_06_10_abb12,lick_05,200538,197903,15,spout05,4,2635,abb,2,6/10/2022,sucrose10,sucrose,10
2022_06_10_abb12,lick_05,200669,197903,15,spout05,4,2766,abb,2,6/10/2022,sucrose10,sucrose,10
2022_06_10_abb12,lick_03,211619,211401,16,spout03,3,218,abb,2,6/10/2022,sucrose00,sucrose,0
2022_06_10_abb12,lick_03,211728,211401,16,spout03,3,327,abb,2,6/10/2022,sucrose00,sucrose,0
2022_06_10_abb12,lick_03,211843,211401,16,spout03,3,442,abb,2,6/10/2022,sucrose00,sucrose,0
2022_06_10_abb12,lick_03,211955,211401,16,spout03,3,554,abb,2,6/10/2022,sucrose00,sucrose,0
2022_06_10_abb12,lick_03,212326,211401,16,spout03,3,925,abb,2,6/10/2022,sucrose00,sucrose,0
2022_06_10_abb12,lick_03,212443,211401,16,spout03,3,1042,abb,2,6/10/2022,sucrose00,sucrose,0
2022_06_10_abb12,lick_03,212458,211401,16,spout03,3,1057,abb,2,6/10/2022,sucrose00,sucrose,0
2022_06_10_abb12,lick_03,212473,211401,16,spout03,3,1072,abb,2,6/10/2022,sucrose00,sucrose,0
2022_06_10_abb12,lick_03,212689,211401,16,spout03,3,1288,abb,2,6/10/2022,sucrose00,sucrose,0
2022_06_10_abb12,lick_03,212802,211401,16,spout03,3,1401,abb,2,6/10/2022,sucrose00,sucrose,0
2022_06_10_abb12,lick_03,212922,211401,16,spout03,3,1521,abb,2,6/10/2022,sucrose00,sucrose,0
2022_06_10_abb12,lick_03,213053,211401,16,spout03,3,1652,abb,2,6/10/2022,sucrose00,sucrose,0
2022_06_10_abb12,lick_03,213160,211401,16,spout03,3,1759,abb,2,6/10/2022,sucrose00,sucrose,0
2022_06_10_abb12,lick_03,213284,211401,16,spout03,3,1883,abb,2,6/10/2022,sucrose00,sucrose,0
2022_06_10_abb12,lick_03,213400,211401,16,spout03,3,1999,abb,2,6/10/2022,sucrose00,sucrose,0
2022_06_10_abb12,lick_03,213532,211401,16,spout03,3,2131,abb,2,6/10/2022,sucrose00,sucrose,0
2022_06_10_abb12,lick_03,213640,211401,16,spout03,3,2239,abb,2,6/10/2022,sucrose00,sucrose,0
2022_06_10_abb12,lick_03,213775,211401,16,spout03,3,2374,abb,2,6/10/2022,sucrose00,sucrose,0
2022_06_10_abb12,lick_03,213895,211401,16,spout03,3,2494,abb,2,6/10/2022,sucrose00,sucrose,0
2022_06_10_abb12,lick_03,214023,211401,16,spout03,3,2622,abb,2,6/10/2022,sucrose00,sucrose,0
2022_06_10_abb12,lick_03,214359,211401,16,spout03,3,2958,abb,2,6/10/2022,sucrose00,sucrose,0
2022_06_10_abb12,lick_02,227395,227049,17,spout02,4,346,abb,2,6/10/2022,sucrose20,sucrose,20
2022_06_10_abb12,lick_02,227526,227049,17,spout02,4,477,abb,2,6/10/2022,sucrose20,sucrose,20
2022_06_10_abb12,lick_02,227881,227049,17,spout02,4,832,abb,2,6/10/2022,sucrose20,sucrose,20
2022_06_10_abb12,lick_02,228306,227049,17,spout02,4,1257,abb,2,6/10/2022,sucrose20,sucrose,20
2022_06_10_abb12,lick_02,228426,227049,17,spout02,4,1377,abb,2,6/10/2022,sucrose20,sucrose,20
2022_06_10_abb12,lick_02,228542,227049,17,spout02,4,1493,abb,2,6/10/2022,sucrose20,sucrose,20
2022_06_10_abb12,lick_02,228666,227049,17,spout02,4,1617,abb,2,6/10/2022,sucrose20,sucrose,20
2022_06_10_abb12,lick_02,228790,227049,17,spout02,4,1741,abb,2,6/10/2022,sucrose20,sucrose,20
2022_06_10_abb12,lick_02,228921,227049,17,spout02,4,1872,abb,2,6/10/2022,sucrose20,sucrose,20
2022_06_10_abb12,lick_02,229029,227049,17,spout02,4,1980,abb,2,6/10/2022,sucrose20,sucrose,20
2022_06_10_abb12,lick_02,229152,227049,17,spout02,4,2103,abb,2,6/10/2022,sucrose20,sucrose,20
2022_06_10_abb12,lick_02,229276,227049,17,spout02,4,2227,abb,2,6/10/2022,sucrose20,sucrose,20
2022_06_10_abb12,lick_02,229396,227049,17,spout02,4,2347,abb,2,6/10/2022,sucrose20,sucrose,20
2022_06_10_abb12,lick_02,229516,227049,17,spout02,4,2467,abb,2,6/10/2022,sucrose20,sucrose,20
2022_06_10_abb12,lick_02,229644,227049,17,spout02,4,2595,abb,2,6/10/2022,sucrose20,sucrose,20
2022_06_10_abb12,lick_02,229767,227049,17,spout02,4,2718,abb,2,6/10/2022,sucrose20,sucrose,20
2022_06_10_abb12,lick_02,230029,227049,17,spout02,4,2980,abb,2,6/10/2022,sucrose20,sucrose,20
2022_06_10_abb12,lick_03,241170,240952,18,spout03,4,218,abb,2,6/10/2022,sucrose00,sucrose,0
2022_06_10_abb12,lick_03,241293,240952,18,spout03,4,341,abb,2,6/10/2022,sucrose00,sucrose,0
2022_06_10_abb12,lick_03,241409,240952,18,spout03,4,457,abb,2,6/10/2022,sucrose00,sucrose,0
2022_06_10_abb12,lick_03,241513,240952,18,spout03,4,561,abb,2,6/10/2022,sucrose00,sucrose,0
2022_06_10_abb12,lick_04,252367,252143,19,spout04,4,224,abb,2,6/10/2022,sucrose30,sucrose,30
2022_06_10_abb12,lick_04,252476,252143,19,spout04,4,333,abb,2,6/10/2022,sucrose30,sucrose,30
2022_06_10_abb12,lick_04,252638,252143,19,spout04,4,495,abb,2,6/10/2022,sucrose30,sucrose,30
2022_06_10_abb12,lick_04,252812,252143,19,spout04,4,669,abb,2,6/10/2022,sucrose30,sucrose,30
2022_06_10_abb12,lick_04,252966,252143,19,spout04,4,823,abb,2,6/10/2022,sucrose30,sucrose,30
2022_06_10_abb12,lick_04,253109,252143,19,spout04,4,966,abb,2,6/10/2022,sucrose30,sucrose,30
2022_06_10_abb12,lick_04,253233,252143,19,spout04,4,1090,abb,2,6/10/2022,sucrose30,sucrose,30
2022_06_10_abb12,lick_04,253403,252143,19,spout04,4,1260,abb,2,6/10/2022,sucrose30,sucrose,30
2022_06_10_abb12,lick_04,253538,252143,19,spout04,4,1395,abb,2,6/10/2022,sucrose30,sucrose,30
2022_06_10_abb12,lick_04,253677,252143,19,spout04,4,1534,abb,2,6/10/2022,sucrose30,sucrose,30
2022_06_10_abb12,lick_04,253829,252143,19,spout04,4,1686,abb,2,6/10/2022,sucrose30,sucrose,30
2022_06_10_abb12,lick_04,253967,252143,19,spout04,4,1824,abb,2,6/10/2022,sucrose30,sucrose,30
2022_06_10_abb12,lick_04,254137,252143,19,spout04,4,1994,abb,2,6/10/2022,sucrose30,sucrose,30
2022_06_10_abb12,lick_04,254268,252143,19,spout04,4,2125,abb,2,6/10/2022,sucrose30,sucrose,30
2022_06_10_abb12,lick_04,254435,252143,19,spout04,4,2292,abb,2,6/10/2022,sucrose30,sucrose,30
2022_06_10_abb12,lick_04,254566,252143,19,spout04,4,2423,abb,2,6/10/2022,sucrose30,sucrose,30
2022_06_10_abb12,lick_04,254712,252143,19,spout04,4,2569,abb,2,6/10/2022,sucrose30,sucrose,30
2022_06_10_abb12,lick_04,254867,252143,19,spout04,4,2724,abb,2,6/10/2022,sucrose30,sucrose,30
2022_06_10_abb12,lick_04,255014,252143,19,spout04,4,2871,abb,2,6/10/2022,sucrose30,sucrose,30
2022_06_10_abb12,lick_04,255030,252143,19,spout04,4,2887,abb,2,6/10/2022,sucrose30,sucrose,30
2022_06_10_abb12,lick,266521,266212,20,spout01,4,309,abb,2,6/10/2022,sucrose05,sucrose,5
2022_06_10_abb12,lick,266648,266212,20,spout01,4,436,abb,2,6/10/2022,sucrose05,sucrose,5
2022_06_10_abb12,lick,266764,266212,20,spout01,4,552,abb,2,6/10/2022,sucrose05,sucrose,5
2022_06_10_abb12,lick,266868,266212,20,spout01,4,656,abb,2,6/10/2022,sucrose05,sucrose,5
2022_06_10_abb12,lick,266992,266212,20,spout01,4,780,abb,2,6/10/2022,sucrose05,sucrose,5
2022_06_10_abb12,lick,267824,266212,20,spout01,4,1612,abb,2,6/10/2022,sucrose05,sucrose,5
2022_06_10_abb12,lick,268001,266212,20,spout01,4,1789,abb,2,6/10/2022,sucrose05,sucrose,5
2022_06_10_abb12,lick_03,279809,279566,21,spout03,5,243,abb,2,6/10/2022,sucrose00,sucrose,0
2022_06_10_abb12,lick_03,279932,279566,21,spout03,5,366,abb,2,6/10/2022,sucrose00,sucrose,0
2022_06_10_abb12,lick_03,280016,279566,21,spout03,5,450,abb,2,6/10/2022,sucrose00,sucrose,0
2022_06_10_abb12,lick_03,280728,279566,21,spout03,5,1162,abb,2,6/10/2022,sucrose00,sucrose,0
2022_06_10_abb12,lick_03,280894,279566,21,spout03,5,1328,abb,2,6/10/2022,sucrose00,sucrose,0
2022_06_10_abb12,lick_03,281153,279566,21,spout03,5,1587,abb,2,6/10/2022,sucrose00,sucrose,0
2022_06_10_abb12,lick_03,281265,279566,21,spout03,5,1699,abb,2,6/10/2022,sucrose00,sucrose,0
2022_06_10_abb12,lick_03,281950,279566,21,spout03,5,2384,abb,2,6/10/2022,sucrose00,sucrose,0
2022_06_10_abb12,lick_03,282112,279566,21,spout03,5,2546,abb,2,6/10/2022,sucrose00,sucrose,0
2022_06_10_abb12,lick_03,282200,279566,21,spout03,5,2634,abb,2,6/10/2022,sucrose00,sucrose,0
2022_06_10_abb12,lick_03,282359,279566,21,spout03,5,2793,abb,2,6/10/2022,sucrose00,sucrose,0
2022_06_10_abb12,lick_03,282471,279566,21,spout03,5,2905,abb,2,6/10/2022,sucrose00,sucrose,0
2022_06_10_abb12,lick,292098,291798,22,spout01,5,300,abb,2,6/10/2022,sucrose05,sucrose,5
2022_06_10_abb12,lick,292217,291798,22,spout01,5,419,abb,2,6/10/2022,sucrose05,sucrose,5
2022_06_10_abb12,lick,292322,291798,22,spout01,5,524,abb,2,6/10/2022,sucrose05,sucrose,5
2022_06_10_abb12,lick,292557,291798,22,spout01,5,759,abb,2,6/10/2022,sucrose05,sucrose,5
2022_06_10_abb12,lick,292684,291798,22,spout01,5,886,abb,2,6/10/2022,sucrose05,sucrose,5
2022_06_10_abb12,lick,292951,291798,22,spout01,5,1153,abb,2,6/10/2022,sucrose05,sucrose,5
2022_06_10_abb12,lick,293202,291798,22,spout01,5,1404,abb,2,6/10/2022,sucrose05,sucrose,5
2022_06_10_abb12,lick,293325,291798,22,spout01,5,1527,abb,2,6/10/2022,sucrose05,sucrose,5
2022_06_10_abb12,lick,294009,291798,22,spout01,5,2211,abb,2,6/10/2022,sucrose05,sucrose,5
2022_06_10_abb12,lick,294781,291798,22,spout01,5,2983,abb,2,6/10/2022,sucrose05,sucrose,5
2022_06_10_abb12,lick_02,305612,305290,23,spout02,5,322,abb,2,6/10/2022,sucrose20,sucrose,20
2022_06_10_abb12,lick_02,306014,305290,23,spout02,5,724,abb,2,6/10/2022,sucrose20,sucrose,20
2022_06_10_abb12,lick_02,306134,305290,23,spout02,5,844,abb,2,6/10/2022,sucrose20,sucrose,20
2022_06_10_abb12,lick_02,306249,305290,23,spout02,5,959,abb,2,6/10/2022,sucrose20,sucrose,20
2022_06_10_abb12,lick_02,306369,305290,23,spout02,5,1079,abb,2,6/10/2022,sucrose20,sucrose,20
2022_06_10_abb12,lick_02,306492,305290,23,spout02,5,1202,abb,2,6/10/2022,sucrose20,sucrose,20
2022_06_10_abb12,lick_02,306620,305290,23,spout02,5,1330,abb,2,6/10/2022,sucrose20,sucrose,20
2022_06_10_abb12,lick_02,306732,305290,23,spout02,5,1442,abb,2,6/10/2022,sucrose20,sucrose,20
2022_06_10_abb12,lick_02,306848,305290,23,spout02,5,1558,abb,2,6/10/2022,sucrose20,sucrose,20
2022_06_10_abb12,lick_02,306975,305290,23,spout02,5,1685,abb,2,6/10/2022,sucrose20,sucrose,20
2022_06_10_abb12,lick_02,307103,305290,23,spout02,5,1813,abb,2,6/10/2022,sucrose20,sucrose,20
2022_06_10_abb12,lick_02,307509,305290,23,spout02,5,2219,abb,2,6/10/2022,sucrose20,sucrose,20
2022_06_10_abb12,lick_02,307636,305290,23,spout02,5,2346,abb,2,6/10/2022,sucrose20,sucrose,20
2022_06_10_abb12,lick_02,307756,305290,23,spout02,5,2466,abb,2,6/10/2022,sucrose20,sucrose,20
2022_06_10_abb12,lick_02,307875,305290,23,spout02,5,2585,abb,2,6/10/2022,sucrose20,sucrose,20
2022_06_10_abb12,lick_02,308015,305290,23,spout02,5,2725,abb,2,6/10/2022,sucrose20,sucrose,20
2022_06_10_abb12,lick_02,308139,305290,23,spout02,5,2849,abb,2,6/10/2022,sucrose20,sucrose,20
2022_06_10_abb12,lick_02,308265,305290,23,spout02,5,2975,abb,2,6/10/2022,sucrose20,sucrose,20
2022_06_10_abb12,lick_04,319924,319707,24,spout04,5,217,abb,2,6/10/2022,sucrose30,sucrose,30
2022_06_10_abb12,lick_04,320090,319707,24,spout04,5,383,abb,2,6/10/2022,sucrose30,sucrose,30
2022_06_10_abb12,lick_04,320129,319707,24,spout04,5,422,abb,2,6/10/2022,sucrose30,sucrose,30
2022_06_10_abb12,lick_04,320202,319707,24,spout04,5,495,abb,2,6/10/2022,sucrose30,sucrose,30
2022_06_10_abb12,lick_04,320384,319707,24,spout04,5,677,abb,2,6/10/2022,sucrose30,sucrose,30
2022_06_10_abb12,lick_04,320523,319707,24,spout04,5,816,abb,2,6/10/2022,sucrose30,sucrose,30
2022_06_10_abb12,lick_04,320669,319707,24,spout04,5,962,abb,2,6/10/2022,sucrose30,sucrose,30
2022_06_10_abb12,lick_04,320789,319707,24,spout04,5,1082,abb,2,6/10/2022,sucrose30,sucrose,30
2022_06_10_abb12,lick_04,320928,319707,24,spout04,5,1221,abb,2,6/10/2022,sucrose30,sucrose,30
2022_06_10_abb12,lick_04,321048,319707,24,spout04,5,1341,abb,2,6/10/2022,sucrose30,sucrose,30
2022_06_10_abb12,lick_04,321199,319707,24,spout04,5,1492,abb,2,6/10/2022,sucrose30,sucrose,30
2022_06_10_abb12,lick_04,321338,319707,24,spout04,5,1631,abb,2,6/10/2022,sucrose30,sucrose,30
2022_06_10_abb12,lick_04,321469,319707,24,spout04,5,1762,abb,2,6/10/2022,sucrose30,sucrose,30
2022_06_10_abb12,lick_04,321612,319707,24,spout04,5,1905,abb,2,6/10/2022,sucrose30,sucrose,30
2022_06_10_abb12,lick_04,321759,319707,24,spout04,5,2052,abb,2,6/10/2022,sucrose30,sucrose,30
2022_06_10_abb12,lick_04,321898,319707,24,spout04,5,2191,abb,2,6/10/2022,sucrose30,sucrose,30
2022_06_10_abb12,lick_04,322040,319707,24,spout04,5,2333,abb,2,6/10/2022,sucrose30,sucrose,30
2022_06_10_abb12,lick_04,322188,319707,24,spout04,5,2481,abb,2,6/10/2022,sucrose30,sucrose,30
2022_06_10_abb12,lick_04,322334,319707,24,spout04,5,2627,abb,2,6/10/2022,sucrose30,sucrose,30
2022_06_10_abb12,lick_04,322473,319707,24,spout04,5,2766,abb,2,6/10/2022,sucrose30,sucrose,30
2022_06_10_abb12,lick_04,322617,319707,24,spout04,5,2910,abb,2,6/10/2022,sucrose30,sucrose,30
2022_06_10_abb12,lick,332040,331771,25,spout01,6,269,abb,2,6/10/2022,sucrose05,sucrose,5
2022_06_10_abb12,lick,332191,331771,25,spout01,6,420,abb,2,6/10/2022,sucrose05,sucrose,5
2022_06_10_abb12,lick,332314,331771,25,spout01,6,543,abb,2,6/10/2022,sucrose05,sucrose,5
2022_06_10_abb12,lick,332442,331771,25,spout01,6,671,abb,2,6/10/2022,sucrose05,sucrose,5
2022_06_10_abb12,lick,332930,331771,25,spout01,6,1159,abb,2,6/10/2022,sucrose05,sucrose,5
2022_06_10_abb12,lick,332941,331771,25,spout01,6,1170,abb,2,6/10/2022,sucrose05,sucrose,5
2022_06_10_abb12,lick,333118,331771,25,spout01,6,1347,abb,2,6/10/2022,sucrose05,sucrose,5
2022_06_10_abb12,lick,333679,331771,25,spout01,6,1908,abb,2,6/10/2022,sucrose05,sucrose,5
2022_06_10_abb12,lick,334309,331771,25,spout01,6,2538,abb,2,6/10/2022,sucrose05,sucrose,5
2022_06_10_abb12,lick,334695,331771,25,spout01,6,2924,abb,2,6/10/2022,sucrose05,sucrose,5
2022_06_10_abb12,lick_05,344621,344396,26,spout05,5,225,abb,2,6/10/2022,sucrose10,sucrose,10
2022_06_10_abb12,lick_05,344771,344396,26,spout05,5,375,abb,2,6/10/2022,sucrose10,sucrose,10
2022_06_10_abb12,lick_05,344919,344396,26,spout05,5,523,abb,2,6/10/2022,sucrose10,sucrose,10
2022_06_10_abb12,lick_05,345019,344396,26,spout05,5,623,abb,2,6/10/2022,sucrose10,sucrose,10
2022_06_10_abb12,lick_05,345181,344396,26,spout05,5,785,abb,2,6/10/2022,sucrose10,sucrose,10
2022_06_10_abb12,lick_05,345324,344396,26,spout05,5,928,abb,2,6/10/2022,sucrose10,sucrose,10
2022_06_10_abb12,lick_05,345579,344396,26,spout05,5,1183,abb,2,6/10/2022,sucrose10,sucrose,10
2022_06_10_abb12,lick_05,345873,344396,26,spout05,5,1477,abb,2,6/10/2022,sucrose10,sucrose,10
2022_06_10_abb12,lick_05,346015,344396,26,spout05,5,1619,abb,2,6/10/2022,sucrose10,sucrose,10
2022_06_10_abb12,lick_05,346124,344396,26,spout05,5,1728,abb,2,6/10/2022,sucrose10,sucrose,10
2022_06_10_abb12,lick_05,346255,344396,26,spout05,5,1859,abb,2,6/10/2022,sucrose10,sucrose,10
2022_06_10_abb12,lick_05,346390,344396,26,spout05,5,1994,abb,2,6/10/2022,sucrose10,sucrose,10
2022_06_10_abb12,lick_05,346506,344396,26,spout05,5,2110,abb,2,6/10/2022,sucrose10,sucrose,10
2022_06_10_abb12,lick_02,355956,355680,27,spout02,6,276,abb,2,6/10/2022,sucrose20,sucrose,20
2022_06_10_abb12,lick_02,356083,355680,27,spout02,6,403,abb,2,6/10/2022,sucrose20,sucrose,20
2022_06_10_abb12,lick_02,356203,355680,27,spout02,6,523,abb,2,6/10/2022,sucrose20,sucrose,20
2022_06_10_abb12,lick_02,356528,355680,27,spout02,6,848,abb,2,6/10/2022,sucrose20,sucrose,20
2022_06_10_abb12,lick_02,356667,355680,27,spout02,6,987,abb,2,6/10/2022,sucrose20,sucrose,20
2022_06_10_abb12,lick_02,356786,355680,27,spout02,6,1106,abb,2,6/10/2022,sucrose20,sucrose,20
2022_06_10_abb12,lick_02,356922,355680,27,spout02,6,1242,abb,2,6/10/2022,sucrose20,sucrose,20
2022_06_10_abb12,lick_02,357029,355680,27,spout02,6,1349,abb,2,6/10/2022,sucrose20,sucrose,20
2022_06_10_abb12,lick_02,357160,355680,27,spout02,6,1480,abb,2,6/10/2022,sucrose20,sucrose,20
2022_06_10_abb12,lick_02,357281,355680,27,spout02,6,1601,abb,2,6/10/2022,sucrose20,sucrose,20
2022_06_10_abb12,lick_02,357404,355680,27,spout02,6,1724,abb,2,6/10/2022,sucrose20,sucrose,20
2022_06_10_abb12,lick_02,357528,355680,27,spout02,6,1848,abb,2,6/10/2022,sucrose20,sucrose,20
2022_06_10_abb12,lick_02,357644,355680,27,spout02,6,1964,abb,2,6/10/2022,sucrose20,sucrose,20
2022_06_10_abb12,lick_02,357783,355680,27,spout02,6,2103,abb,2,6/10/2022,sucrose20,sucrose,20
2022_06_10_abb12,lick_02,357910,355680,27,spout02,6,2230,abb,2,6/10/2022,sucrose20,sucrose,20
2022_06_10_abb12,lick_02,358045,355680,27,spout02,6,2365,abb,2,6/10/2022,sucrose20,sucrose,20
2022_06_10_abb12,lick_02,358172,355680,27,spout02,6,2492,abb,2,6/10/2022,sucrose20,sucrose,20
2022_06_10_abb12,lick_02,358289,355680,27,spout02,6,2609,abb,2,6/10/2022,sucrose20,sucrose,20
2022_06_10_abb12,lick_02,358416,355680,27,spout02,6,2736,abb,2,6/10/2022,sucrose20,sucrose,20
2022_06_10_abb12,lick_02,358544,355680,27,spout02,6,2864,abb,2,6/10/2022,sucrose20,sucrose,20
2022_06_10_abb12,lick_04,368705,368493,28,spout04,6,212,abb,2,6/10/2022,sucrose30,sucrose,30
2022_06_10_abb12,lick_04,368949,368493,28,spout04,6,456,abb,2,6/10/2022,sucrose30,sucrose,30
2022_06_10_abb12,lick_04,369131,368493,28,spout04,6,638,abb,2,6/10/2022,sucrose30,sucrose,30
2022_06_10_abb12,lick_04,369230,368493,28,spout04,6,737,abb,2,6/10/2022,sucrose30,sucrose,30
2022_06_10_abb12,lick_04,369389,368493,28,spout04,6,896,abb,2,6/10/2022,sucrose30,sucrose,30
2022_06_10_abb12,lick_04,369532,368493,28,spout04,6,1039,abb,2,6/10/2022,sucrose30,sucrose,30
2022_06_10_abb12,lick_04,369699,368493,28,spout04,6,1206,abb,2,6/10/2022,sucrose30,sucrose,30
2022_06_10_abb12,lick_04,369814,368493,28,spout04,6,1321,abb,2,6/10/2022,sucrose30,sucrose,30
2022_06_10_abb12,lick_04,369957,368493,28,spout04,6,1464,abb,2,6/10/2022,sucrose30,sucrose,30
2022_06_10_abb12,lick_04,370077,368493,28,spout04,6,1584,abb,2,6/10/2022,sucrose30,sucrose,30
2022_06_10_abb12,lick_04,370251,368493,28,spout04,6,1758,abb,2,6/10/2022,sucrose30,sucrose,30
2022_06_10_abb12,lick_04,370391,368493,28,spout04,6,1898,abb,2,6/10/2022,sucrose30,sucrose,30
2022_06_10_abb12,lick_04,370529,368493,28,spout04,6,2036,abb,2,6/10/2022,sucrose30,sucrose,30
2022_06_10_abb12,lick_04,370679,368493,28,spout04,6,2186,abb,2,6/10/2022,sucrose30,sucrose,30
2022_06_10_abb12,lick_04,370842,368493,28,spout04,6,2349,abb,2,6/10/2022,sucrose30,sucrose,30
2022_06_10_abb12,lick_04,371008,368493,28,spout04,6,2515,abb,2,6/10/2022,sucrose30,sucrose,30
2022_06_10_abb12,lick_04,371147,368493,28,spout04,6,2654,abb,2,6/10/2022,sucrose30,sucrose,30
2022_06_10_abb12,lick_04,371325,368493,28,spout04,6,2832,abb,2,6/10/2022,sucrose30,sucrose,30
2022_06_10_abb12,lick_04,371437,368493,28,spout04,6,2944,abb,2,6/10/2022,sucrose30,sucrose,30
2022_06_10_abb12,lick_05,381404,381162,29,spout05,6,242,abb,2,6/10/2022,sucrose10,sucrose,10
2022_06_10_abb12,lick_05,381528,381162,29,spout05,6,366,abb,2,6/10/2022,sucrose10,sucrose,10
2022_06_10_abb12,lick_05,381681,381162,29,spout05,6,519,abb,2,6/10/2022,sucrose10,sucrose,10
2022_06_10_abb12,lick_05,381817,381162,29,spout05,6,655,abb,2,6/10/2022,sucrose10,sucrose,10
2022_06_10_abb12,lick_05,381929,381162,29,spout05,6,767,abb,2,6/10/2022,sucrose10,sucrose,10
2022_06_10_abb12,lick_05,382598,381162,29,spout05,6,1436,abb,2,6/10/2022,sucrose10,sucrose,10
2022_06_10_abb12,lick_05,382748,381162,29,spout05,6,1586,abb,2,6/10/2022,sucrose10,sucrose,10
2022_06_10_abb12,lick_05,382856,381162,29,spout05,6,1694,abb,2,6/10/2022,sucrose10,sucrose,10
2022_06_10_abb12,lick_03,396132,395887,30,spout03,6,245,abb,2,6/10/2022,sucrose00,sucrose,0
2022_06_10_abb12,lick_03,396360,395887,30,spout03,6,473,abb,2,6/10/2022,sucrose00,sucrose,0
2022_06_10_abb12,lick_03,396465,395887,30,spout03,6,578,abb,2,6/10/2022,sucrose00,sucrose,0
2022_06_10_abb12,lick_05,409230,408967,31,spout05,7,263,abb,2,6/10/2022,sucrose10,sucrose,10
2022_06_10_abb12,lick_05,409354,408967,31,spout05,7,387,abb,2,6/10/2022,sucrose10,sucrose,10
2022_06_10_abb12,lick_05,409493,408967,31,spout05,7,526,abb,2,6/10/2022,sucrose10,sucrose,10
2022_06_10_abb12,lick_05,409632,408967,31,spout05,7,665,abb,2,6/10/2022,sucrose10,sucrose,10
2022_06_10_abb12,lick_05,409775,408967,31,spout05,7,808,abb,2,6/10/2022,sucrose10,sucrose,10
2022_06_10_abb12,lick_05,409903,408967,31,spout05,7,936,abb,2,6/10/2022,sucrose10,sucrose,10
2022_06_10_abb12,lick_05,410018,408967,31,spout05,7,1051,abb,2,6/10/2022,sucrose10,sucrose,10
2022_06_10_abb12,lick_05,410142,408967,31,spout05,7,1175,abb,2,6/10/2022,sucrose10,sucrose,10
2022_06_10_abb12,lick_05,410277,408967,31,spout05,7,1310,abb,2,6/10/2022,sucrose10,sucrose,10
2022_06_10_abb12,lick_05,410389,408967,31,spout05,7,1422,abb,2,6/10/2022,sucrose10,sucrose,10
2022_06_10_abb12,lick_05,410513,408967,31,spout05,7,1546,abb,2,6/10/2022,sucrose10,sucrose,10
2022_06_10_abb12,lick_05,410625,408967,31,spout05,7,1658,abb,2,6/10/2022,sucrose10,sucrose,10
2022_06_10_abb12,lick_05,410737,408967,31,spout05,7,1770,abb,2,6/10/2022,sucrose10,sucrose,10
2022_06_10_abb12,lick_05,410875,408967,31,spout05,7,1908,abb,2,6/10/2022,sucrose10,sucrose,10
2022_06_10_abb12,lick_05,410984,408967,31,spout05,7,2017,abb,2,6/10/2022,sucrose10,sucrose,10
2022_06_10_abb12,lick_05,411100,408967,31,spout05,7,2133,abb,2,6/10/2022,sucrose10,sucrose,10
2022_06_10_abb12,lick_05,411224,408967,31,spout05,7,2257,abb,2,6/10/2022,sucrose10,sucrose,10
2022_06_10_abb12,lick_05,411359,408967,31,spout05,7,2392,abb,2,6/10/2022,sucrose10,sucrose,10
2022_06_10_abb12,lick_05,411490,408967,31,spout05,7,2523,abb,2,6/10/2022,sucrose10,sucrose,10
2022_06_10_abb12,lick_03,421526,421299,32,spout03,7,227,abb,2,6/10/2022,sucrose00,sucrose,0
2022_06_10_abb12,lick_03,421869,421299,32,spout03,7,570,abb,2,6/10/2022,sucrose00,sucrose,0
2022_06_10_abb12,lick,433104,432773,33,spout01,7,331,abb,2,6/10/2022,sucrose05,sucrose,5
2022_06_10_abb12,lick,433256,432773,33,spout01,7,483,abb,2,6/10/2022,sucrose05,sucrose,5
2022_06_10_abb12,lick,433394,432773,33,spout01,7,621,abb,2,6/10/2022,sucrose05,sucrose,5
2022_06_10_abb12,lick,433515,432773,33,spout01,7,742,abb,2,6/10/2022,sucrose05,sucrose,5
2022_06_10_abb12,lick_03,446406,446245,34,spout03,8,161,abb,2,6/10/2022,sucrose00,sucrose,0
2022_06_10_abb12,lick_03,446743,446245,34,spout03,8,498,abb,2,6/10/2022,sucrose00,sucrose,0
2022_06_10_abb12,lick_03,446862,446245,34,spout03,8,617,abb,2,6/10/2022,sucrose00,sucrose,0
2022_06_10_abb12,lick_03,447284,446245,34,spout03,8,1039,abb,2,6/10/2022,sucrose00,sucrose,0
2022_06_10_abb12,lick_03,447349,446245,34,spout03,8,1104,abb,2,6/10/2022,sucrose00,sucrose,0
2022_06_10_abb12,lick_03,447500,446245,34,spout03,8,1255,abb,2,6/10/2022,sucrose00,sucrose,0
2022_06_10_abb12,lick_03,447813,446245,34,spout03,8,1568,abb,2,6/10/2022,sucrose00,sucrose,0
2022_06_10_abb12,lick_03,447929,446245,34,spout03,8,1684,abb,2,6/10/2022,sucrose00,sucrose,0
2022_06_10_abb12,lick_03,448311,446245,34,spout03,8,2066,abb,2,6/10/2022,sucrose00,sucrose,0
2022_06_10_abb12,lick_05,461774,461365,35,spout05,8,409,abb,2,6/10/2022,sucrose10,sucrose,10
2022_06_10_abb12,lick_05,462257,461365,35,spout05,8,892,abb,2,6/10/2022,sucrose10,sucrose,10
2022_06_10_abb12,lick_05,462411,461365,35,spout05,8,1046,abb,2,6/10/2022,sucrose10,sucrose,10
2022_06_10_abb12,lick_05,462577,461365,35,spout05,8,1212,abb,2,6/10/2022,sucrose10,sucrose,10
2022_06_10_abb12,lick_05,462708,461365,35,spout05,8,1343,abb,2,6/10/2022,sucrose10,sucrose,10
2022_06_10_abb12,lick_05,462967,461365,35,spout05,8,1602,abb,2,6/10/2022,sucrose10,sucrose,10
2022_06_10_abb12,lick_05,463076,461365,35,spout05,8,1711,abb,2,6/10/2022,sucrose10,sucrose,10
2022_06_10_abb12,lick_05,463230,461365,35,spout05,8,1865,abb,2,6/10/2022,sucrose10,sucrose,10
2022_06_10_abb12,lick_05,463354,461365,35,spout05,8,1989,abb,2,6/10/2022,sucrose10,sucrose,10
2022_06_10_abb12,lick_05,463505,461365,35,spout05,8,2140,abb,2,6/10/2022,sucrose10,sucrose,10
2022_06_10_abb12,lick_05,463636,461365,35,spout05,8,2271,abb,2,6/10/2022,sucrose10,sucrose,10
2022_06_10_abb12,lick_05,463768,461365,35,spout05,8,2403,abb,2,6/10/2022,sucrose10,sucrose,10
2022_06_10_abb12,lick_05,463895,461365,35,spout05,8,2530,abb,2,6/10/2022,sucrose10,sucrose,10
2022_06_10_abb12,lick_05,464030,461365,35,spout05,8,2665,abb,2,6/10/2022,sucrose10,sucrose,10
2022_06_10_abb12,lick_05,464150,461365,35,spout05,8,2785,abb,2,6/10/2022,sucrose10,sucrose,10
2022_06_10_abb12,lick_02,474149,473832,36,spout02,7,317,abb,2,6/10/2022,sucrose20,sucrose,20
2022_06_10_abb12,lick_02,474404,473832,36,spout02,7,572,abb,2,6/10/2022,sucrose20,sucrose,20
2022_06_10_abb12,lick_02,474520,473832,36,spout02,7,688,abb,2,6/10/2022,sucrose20,sucrose,20
2022_06_10_abb12,lick_02,474637,473832,36,spout02,7,805,abb,2,6/10/2022,sucrose20,sucrose,20
2022_06_10_abb12,lick_02,474737,473832,36,spout02,7,905,abb,2,6/10/2022,sucrose20,sucrose,20
2022_06_10_abb12,lick_02,474860,473832,36,spout02,7,1028,abb,2,6/10/2022,sucrose20,sucrose,20
2022_06_10_abb12,lick_02,474976,473832,36,spout02,7,1144,abb,2,6/10/2022,sucrose20,sucrose,20
2022_06_10_abb12,lick_02,475101,473832,36,spout02,7,1269,abb,2,6/10/2022,sucrose20,sucrose,20
2022_06_10_abb12,lick_02,475224,473832,36,spout02,7,1392,abb,2,6/10/2022,sucrose20,sucrose,20
2022_06_10_abb12,lick_02,475356,473832,36,spout02,7,1524,abb,2,6/10/2022,sucrose20,sucrose,20
2022_06_10_abb12,lick_02,475471,473832,36,spout02,7,1639,abb,2,6/10/2022,sucrose20,sucrose,20
2022_06_10_abb12,lick_02,475598,473832,36,spout02,7,1766,abb,2,6/10/2022,sucrose20,sucrose,20
2022_06_10_abb12,lick_02,475726,473832,36,spout02,7,1894,abb,2,6/10/2022,sucrose20,sucrose,20
2022_06_10_abb12,lick_02,475850,473832,36,spout02,7,2018,abb,2,6/10/2022,sucrose20,sucrose,20
2022_06_10_abb12,lick_02,475973,473832,36,spout02,7,2141,abb,2,6/10/2022,sucrose20,sucrose,20
2022_06_10_abb12,lick_02,476093,473832,36,spout02,7,2261,abb,2,6/10/2022,sucrose20,sucrose,20
2022_06_10_abb12,lick_02,476217,473832,36,spout02,7,2385,abb,2,6/10/2022,sucrose20,sucrose,20
2022_06_10_abb12,lick_02,476468,473832,36,spout02,7,2636,abb,2,6/10/2022,sucrose20,sucrose,20
2022_06_10_abb12,lick_02,476596,473832,36,spout02,7,2764,abb,2,6/10/2022,sucrose20,sucrose,20
2022_06_10_abb12,lick_02,476723,473832,36,spout02,7,2891,abb,2,6/10/2022,sucrose20,sucrose,20
2022_06_10_abb12,lick_02,489049,488751,37,spout02,8,298,abb,2,6/10/2022,sucrose20,sucrose,20
2022_06_10_abb12,lick_02,489196,488751,37,spout02,8,445,abb,2,6/10/2022,sucrose20,sucrose,20
2022_06_10_abb12,lick_02,489312,488751,37,spout02,8,561,abb,2,6/10/2022,sucrose20,sucrose,20
2022_06_10_abb12,lick_02,489656,488751,37,spout02,8,905,abb,2,6/10/2022,sucrose20,sucrose,20
2022_06_10_abb12,lick_02,489787,488751,37,spout02,8,1036,abb,2,6/10/2022,sucrose20,sucrose,20
2022_06_10_abb12,lick_02,490042,488751,37,spout02,8,1291,abb,2,6/10/2022,sucrose20,sucrose,20
2022_06_10_abb12,lick_02,490166,488751,37,spout02,8,1415,abb,2,6/10/2022,sucrose20,sucrose,20
2022_06_10_abb12,lick_02,490541,488751,37,spout02,8,1790,abb,2,6/10/2022,sucrose20,sucrose,20
2022_06_10_abb12,lick_02,490663,488751,37,spout02,8,1912,abb,2,6/10/2022,sucrose20,sucrose,20
2022_06_10_abb12,lick_02,490791,488751,37,spout02,8,2040,abb,2,6/10/2022,sucrose20,sucrose,20
2022_06_10_abb12,lick_02,491042,488751,37,spout02,8,2291,abb,2,6/10/2022,sucrose20,sucrose,20
2022_06_10_abb12,lick_02,491169,488751,37,spout02,8,2418,abb,2,6/10/2022,sucrose20,sucrose,20
2022_06_10_abb12,lick_02,491305,488751,37,spout02,8,2554,abb,2,6/10/2022,sucrose20,sucrose,20
2022_06_10_abb12,lick_02,491432,488751,37,spout02,8,2681,abb,2,6/10/2022,sucrose20,sucrose,20
2022_06_10_abb12,lick_02,491687,488751,37,spout02,8,2936,abb,2,6/10/2022,sucrose20,sucrose,20
2022_06_10_abb12,lick_04,504060,503852,38,spout04,7,208,abb,2,6/10/2022,sucrose30,sucrose,30
2022_06_10_abb12,lick_04,504172,503852,38,spout04,7,320,abb,2,6/10/2022,sucrose30,sucrose,30
2022_06_10_abb12,lick_04,504346,503852,38,spout04,7,494,abb,2,6/10/2022,sucrose30,sucrose,30
2022_06_10_abb12,lick_04,504458,503852,38,spout04,7,606,abb,2,6/10/2022,sucrose30,sucrose,30
2022_06_10_abb12,lick_04,504597,503852,38,spout04,7,745,abb,2,6/10/2022,sucrose30,sucrose,30
2022_06_10_abb12,lick_04,504628,503852,38,spout04,7,776,abb,2,6/10/2022,sucrose30,sucrose,30
2022_06_10_abb12,lick_04,504736,503852,38,spout04,7,884,abb,2,6/10/2022,sucrose30,sucrose,30
2022_06_10_abb12,lick_04,504902,503852,38,spout04,7,1050,abb,2,6/10/2022,sucrose30,sucrose,30
2022_06_10_abb12,lick_04,505003,503852,38,spout04,7,1151,abb,2,6/10/2022,sucrose30,sucrose,30
2022_06_10_abb12,lick_04,505176,503852,38,spout04,7,1324,abb,2,6/10/2022,sucrose30,sucrose,30
2022_06_10_abb12,lick_04,505292,503852,38,spout04,7,1440,abb,2,6/10/2022,sucrose30,sucrose,30
2022_06_10_abb12,lick_04,505435,503852,38,spout04,7,1583,abb,2,6/10/2022,sucrose30,sucrose,30
2022_06_10_abb12,lick_04,505585,503852,38,spout04,7,1733,abb,2,6/10/2022,sucrose30,sucrose,30
2022_06_10_abb12,lick_04,505732,503852,38,spout04,7,1880,abb,2,6/10/2022,sucrose30,sucrose,30
2022_06_10_abb12,lick_04,505868,503852,38,spout04,7,2016,abb,2,6/10/2022,sucrose30,sucrose,30
2022_06_10_abb12,lick_04,506021,503852,38,spout04,7,2169,abb,2,6/10/2022,sucrose30,sucrose,30
2022_06_10_abb12,lick_04,506149,503852,38,spout04,7,2297,abb,2,6/10/2022,sucrose30,sucrose,30
2022_06_10_abb12,lick_04,506319,503852,38,spout04,7,2467,abb,2,6/10/2022,sucrose30,sucrose,30
2022_06_10_abb12,lick_04,506420,503852,38,spout04,7,2568,abb,2,6/10/2022,sucrose30,sucrose,30
2022_06_10_abb12,lick_04,506570,503852,38,spout04,7,2718,abb,2,6/10/2022,sucrose30,sucrose,30
2022_06_10_abb12,lick_04,506701,503852,38,spout04,7,2849,abb,2,6/10/2022,sucrose30,sucrose,30
2022_06_10_abb12,lick_04,506833,503852,38,spout04,7,2981,abb,2,6/10/2022,sucrose30,sucrose,30
2022_06_10_abb12,lick,518092,517792,39,spout01,8,300,abb,2,6/10/2022,sucrose05,sucrose,5
2022_06_10_abb12,lick,518236,517792,39,spout01,8,444,abb,2,6/10/2022,sucrose05,sucrose,5
2022_06_10_abb12,lick,518360,517792,39,spout01,8,568,abb,2,6/10/2022,sucrose05,sucrose,5
2022_06_10_abb12,lick,518475,517792,39,spout01,8,683,abb,2,6/10/2022,sucrose05,sucrose,5
2022_06_10_abb12,lick,518707,517792,39,spout01,8,915,abb,2,6/10/2022,sucrose05,sucrose,5
2022_06_10_abb12,lick,518823,517792,39,spout01,8,1031,abb,2,6/10/2022,sucrose05,sucrose,5
2022_06_10_abb12,lick_04,530085,529875,40,spout04,8,210,abb,2,6/10/2022,sucrose30,sucrose,30
2022_06_10_abb12,lick_04,530240,529875,40,spout04,8,365,abb,2,6/10/2022,sucrose30,sucrose,30
2022_06_10_abb12,lick_04,530340,529875,40,spout04,8,465,abb,2,6/10/2022,sucrose30,sucrose,30
2022_06_10_abb12,lick_04,530514,529875,40,spout04,8,639,abb,2,6/10/2022,sucrose30,sucrose,30
2022_06_10_abb12,lick_04,530615,529875,40,spout04,8,740,abb,2,6/10/2022,sucrose30,sucrose,30
2022_06_10_abb12,lick_04,530772,529875,40,spout04,8,897,abb,2,6/10/2022,sucrose30,sucrose,30
2022_06_10_abb12,lick_04,530878,529875,40,spout04,8,1003,abb,2,6/10/2022,sucrose30,sucrose,30
2022_06_10_abb12,lick_04,531027,529875,40,spout04,8,1152,abb,2,6/10/2022,sucrose30,sucrose,30
2022_06_10_abb12,lick_04,531144,529875,40,spout04,8,1269,abb,2,6/10/2022,sucrose30,sucrose,30
2022_06_10_abb12,lick_04,531275,529875,40,spout04,8,1400,abb,2,6/10/2022,sucrose30,sucrose,30
2022_06_10_abb12,lick_04,531406,529875,40,spout04,8,1531,abb,2,6/10/2022,sucrose30,sucrose,30
2022_06_10_abb12,lick_04,531537,529875,40,spout04,8,1662,abb,2,6/10/2022,sucrose30,sucrose,30
2022_06_10_abb12,lick_04,531678,529875,40,spout04,8,1803,abb,2,6/10/2022,sucrose30,sucrose,30
2022_06_10_abb12,lick_04,531835,529875,40,spout04,8,1960,abb,2,6/10/2022,sucrose30,sucrose,30
2022_06_10_abb12,lick_04,531951,529875,40,spout04,8,2076,abb,2,6/10/2022,sucrose30,sucrose,30
2022_06_10_abb12,lick_04,532094,529875,40,spout04,8,2219,abb,2,6/10/2022,sucrose30,sucrose,30
2022_06_10_abb12,lick_04,532221,529875,40,spout04,8,2346,abb,2,6/10/2022,sucrose30,sucrose,30
2022_06_10_abb12,lick_04,532380,529875,40,spout04,8,2505,abb,2,6/10/2022,sucrose30,sucrose,30
2022_06_10_abb12,lick_04,532515,529875,40,spout04,8,2640,abb,2,6/10/2022,sucrose30,sucrose,30
2022_06_10_abb12,lick_04,532642,529875,40,spout04,8,2767,abb,2,6/10/2022,sucrose30,sucrose,30
2022_06_10_abb12,lick_04,532798,529875,40,spout04,8,2923,abb,2,6/10/2022,sucrose30,sucrose,30
2022_06_10_abb12,lick,543535,543258,41,spout01,9,277,abb,2,6/10/2022,sucrose05,sucrose,5
2022_06_10_abb12,lick,543554,543258,41,spout01,9,296,abb,2,6/10/2022,sucrose05,sucrose,5
2022_06_10_abb12,lick,543794,543258,41,spout01,9,536,abb,2,6/10/2022,sucrose05,sucrose,5
2022_06_10_abb12,lick,544003,543258,41,spout01,9,745,abb,2,6/10/2022,sucrose05,sucrose,5
2022_06_10_abb12,lick,544138,543258,41,spout01,9,880,abb,2,6/10/2022,sucrose05,sucrose,5
2022_06_10_abb12,lick,544262,543258,41,spout01,9,1004,abb,2,6/10/2022,sucrose05,sucrose,5
2022_06_10_abb12,lick,544380,543258,41,spout01,9,1122,abb,2,6/10/2022,sucrose05,sucrose,5
2022_06_10_abb12,lick,544501,543258,41,spout01,9,1243,abb,2,6/10/2022,sucrose05,sucrose,5
2022_06_10_abb12,lick,544620,543258,41,spout01,9,1362,abb,2,6/10/2022,sucrose05,sucrose,5
2022_06_10_abb12,lick,544755,543258,41,spout01,9,1497,abb,2,6/10/2022,sucrose05,sucrose,5
2022_06_10_abb12,lick,544857,543258,41,spout01,9,1599,abb,2,6/10/2022,sucrose05,sucrose,5
2022_06_10_abb12,lick,544995,543258,41,spout01,9,1737,abb,2,6/10/2022,sucrose05,sucrose,5
2022_06_10_abb12,lick,545239,543258,41,spout01,9,1981,abb,2,6/10/2022,sucrose05,sucrose,5
2022_06_10_abb12,lick_03,556576,556334,42,spout03,9,242,abb,2,6/10/2022,sucrose00,sucrose,0
2022_06_10_abb12,lick_03,556704,556334,42,spout03,9,370,abb,2,6/10/2022,sucrose00,sucrose,0
2022_06_10_abb12,lick_03,556817,556334,42,spout03,9,483,abb,2,6/10/2022,sucrose00,sucrose,0
2022_06_10_abb12,lick_04,571099,570877,43,spout04,9,222,abb,2,6/10/2022,sucrose30,sucrose,30
2022_06_10_abb12,lick_04,571257,570877,43,spout04,9,380,abb,2,6/10/2022,sucrose30,sucrose,30
2022_06_10_abb12,lick_04,571411,570877,43,spout04,9,534,abb,2,6/10/2022,sucrose30,sucrose,30
2022_06_10_abb12,lick_04,571561,570877,43,spout04,9,684,abb,2,6/10/2022,sucrose30,sucrose,30
2022_06_10_abb12,lick_04,571678,570877,43,spout04,9,801,abb,2,6/10/2022,sucrose30,sucrose,30
2022_06_10_abb12,lick_04,571840,570877,43,spout04,9,963,abb,2,6/10/2022,sucrose30,sucrose,30
2022_06_10_abb12,lick_04,571940,570877,43,spout04,9,1063,abb,2,6/10/2022,sucrose30,sucrose,30
2022_06_10_abb12,lick_04,572088,570877,43,spout04,9,1211,abb,2,6/10/2022,sucrose30,sucrose,30
2022_06_10_abb12,lick_04,572227,570877,43,spout04,9,1350,abb,2,6/10/2022,sucrose30,sucrose,30
2022_06_10_abb12,lick_04,572369,570877,43,spout04,9,1492,abb,2,6/10/2022,sucrose30,sucrose,30
2022_06_10_abb12,lick_04,572385,570877,43,spout04,9,1508,abb,2,6/10/2022,sucrose30,sucrose,30
2022_06_10_abb12,lick_04,572531,570877,43,spout04,9,1654,abb,2,6/10/2022,sucrose30,sucrose,30
2022_06_10_abb12,lick_04,572679,570877,43,spout04,9,1802,abb,2,6/10/2022,sucrose30,sucrose,30
2022_06_10_abb12,lick_04,572814,570877,43,spout04,9,1937,abb,2,6/10/2022,sucrose30,sucrose,30
2022_06_10_abb12,lick_04,572976,570877,43,spout04,9,2099,abb,2,6/10/2022,sucrose30,sucrose,30
2022_06_10_abb12,lick_04,573115,570877,43,spout04,9,2238,abb,2,6/10/2022,sucrose30,sucrose,30
2022_06_10_abb12,lick_04,573274,570877,43,spout04,9,2397,abb,2,6/10/2022,sucrose30,sucrose,30
2022_06_10_abb12,lick_04,573385,570877,43,spout04,9,2508,abb,2,6/10/2022,sucrose30,sucrose,30
2022_06_10_abb12,lick_04,573533,570877,43,spout04,9,2656,abb,2,6/10/2022,sucrose30,sucrose,30
2022_06_10_abb12,lick_04,573660,570877,43,spout04,9,2783,abb,2,6/10/2022,sucrose30,sucrose,30
2022_06_10_abb12,lick_04,573807,570877,43,spout04,9,2930,abb,2,6/10/2022,sucrose30,sucrose,30
2022_06_10_abb12,lick,586486,586157,44,spout01,10,329,abb,2,6/10/2022,sucrose05,sucrose,5
2022_06_10_abb12,lick,586633,586157,44,spout01,10,476,abb,2,6/10/2022,sucrose05,sucrose,5
2022_06_10_abb12,lick,586753,586157,44,spout01,10,596,abb,2,6/10/2022,sucrose05,sucrose,5
2022_06_10_abb12,lick,586876,586157,44,spout01,10,719,abb,2,6/10/2022,sucrose05,sucrose,5
2022_06_10_abb12,lick,586995,586157,44,spout01,10,838,abb,2,6/10/2022,sucrose05,sucrose,5
2022_06_10_abb12,lick_05,598082,597869,45,spout05,9,213,abb,2,6/10/2022,sucrose10,sucrose,10
2022_06_10_abb12,lick_05,598228,597869,45,spout05,9,359,abb,2,6/10/2022,sucrose10,sucrose,10
2022_06_10_abb12,lick_05,598387,597869,45,spout05,9,518,abb,2,6/10/2022,sucrose10,sucrose,10
2022_06_10_abb12,lick_05,598511,597869,45,spout05,9,642,abb,2,6/10/2022,sucrose10,sucrose,10
2022_06_10_abb12,lick_05,598646,597869,45,spout05,9,777,abb,2,6/10/2022,sucrose10,sucrose,10
2022_06_10_abb12,lick_05,599229,597869,45,spout05,9,1360,abb,2,6/10/2022,sucrose10,sucrose,10
2022_06_10_abb12,lick_05,599453,597869,45,spout05,9,1584,abb,2,6/10/2022,sucrose10,sucrose,10
2022_06_10_abb12,lick_05,599592,597869,45,spout05,9,1723,abb,2,6/10/2022,sucrose10,sucrose,10
2022_06_10_abb12,lick_04,611862,611632,46,spout04,10,230,abb,2,6/10/2022,sucrose30,sucrose,30
2022_06_10_abb12,lick_04,611997,611632,46,spout04,10,365,abb,2,6/10/2022,sucrose30,sucrose,30
2022_06_10_abb12,lick_04,612167,611632,46,spout04,10,535,abb,2,6/10/2022,sucrose30,sucrose,30
2022_06_10_abb12,lick_04,612275,611632,46,spout04,10,643,abb,2,6/10/2022,sucrose30,sucrose,30
2022_06_10_abb12,lick_04,612429,611632,46,spout04,10,797,abb,2,6/10/2022,sucrose30,sucrose,30
2022_06_10_abb12,lick_04,612588,611632,46,spout04,10,956,abb,2,6/10/2022,sucrose30,sucrose,30
2022_06_10_abb12,lick_04,612723,611632,46,spout04,10,1091,abb,2,6/10/2022,sucrose30,sucrose,30
2022_06_10_abb12,lick_04,612824,611632,46,spout04,10,1192,abb,2,6/10/2022,sucrose30,sucrose,30
2022_06_10_abb12,lick_04,612951,611632,46,spout04,10,1319,abb,2,6/10/2022,sucrose30,sucrose,30
2022_06_10_abb12,lick_04,613086,611632,46,spout04,10,1454,abb,2,6/10/2022,sucrose30,sucrose,30
2022_06_10_abb12,lick_04,613221,611632,46,spout04,10,1589,abb,2,6/10/2022,sucrose30,sucrose,30
2022_06_10_abb12,lick_04,613388,611632,46,spout04,10,1756,abb,2,6/10/2022,sucrose30,sucrose,30
2022_06_10_abb12,lick_04,613499,611632,46,spout04,10,1867,abb,2,6/10/2022,sucrose30,sucrose,30
2022_06_10_abb12,lick_04,613650,611632,46,spout04,10,2018,abb,2,6/10/2022,sucrose30,sucrose,30
2022_06_10_abb12,lick_04,613766,611632,46,spout04,10,2134,abb,2,6/10/2022,sucrose30,sucrose,30
2022_06_10_abb12,lick_04,613905,611632,46,spout04,10,2273,abb,2,6/10/2022,sucrose30,sucrose,30
2022_06_10_abb12,lick_04,614044,611632,46,spout04,10,2412,abb,2,6/10/2022,sucrose30,sucrose,30
2022_06_10_abb12,lick_04,614195,611632,46,spout04,10,2563,abb,2,6/10/2022,sucrose30,sucrose,30
2022_06_10_abb12,lick_04,614330,611632,46,spout04,10,2698,abb,2,6/10/2022,sucrose30,sucrose,30
2022_06_10_abb12,lick_04,614480,611632,46,spout04,10,2848,abb,2,6/10/2022,sucrose30,sucrose,30
2022_06_10_abb12,lick_04,614611,611632,46,spout04,10,2979,abb,2,6/10/2022,sucrose30,sucrose,30
2022_06_10_abb12,lick_02,624438,624115,47,spout02,9,323,abb,2,6/10/2022,sucrose20,sucrose,20
2022_06_10_abb12,lick_02,624581,624115,47,spout02,9,466,abb,2,6/10/2022,sucrose20,sucrose,20
2022_06_10_abb12,lick_02,624697,624115,47,spout02,9,582,abb,2,6/10/2022,sucrose20,sucrose,20
2022_06_10_abb12,lick_02,624932,624115,47,spout02,9,817,abb,2,6/10/2022,sucrose20,sucrose,20
2022_06_10_abb12,lick_02,625048,624115,47,spout02,9,933,abb,2,6/10/2022,sucrose20,sucrose,20
2022_06_10_abb12,lick_02,625161,624115,47,spout02,9,1046,abb,2,6/10/2022,sucrose20,sucrose,20
2022_06_10_abb12,lick_02,625431,624115,47,spout02,9,1316,abb,2,6/10/2022,sucrose20,sucrose,20
2022_06_10_abb12,lick_02,625543,624115,47,spout02,9,1428,abb,2,6/10/2022,sucrose20,sucrose,20
2022_06_10_abb12,lick_02,625671,624115,47,spout02,9,1556,abb,2,6/10/2022,sucrose20,sucrose,20
2022_06_10_abb12,lick_02,625778,624115,47,spout02,9,1663,abb,2,6/10/2022,sucrose20,sucrose,20
2022_06_10_abb12,lick_02,626026,624115,47,spout02,9,1911,abb,2,6/10/2022,sucrose20,sucrose,20
2022_06_10_abb12,lick_02,626146,624115,47,spout02,9,2031,abb,2,6/10/2022,sucrose20,sucrose,20
2022_06_10_abb12,lick_02,626257,624115,47,spout02,9,2142,abb,2,6/10/2022,sucrose20,sucrose,20
2022_06_10_abb12,lick_02,626385,624115,47,spout02,9,2270,abb,2,6/10/2022,sucrose20,sucrose,20
2022_06_10_abb12,lick_02,626505,624115,47,spout02,9,2390,abb,2,6/10/2022,sucrose20,sucrose,20
2022_06_10_abb12,lick_02,626632,624115,47,spout02,9,2517,abb,2,6/10/2022,sucrose20,sucrose,20
2022_06_10_abb12,lick_02,626883,624115,47,spout02,9,2768,abb,2,6/10/2022,sucrose20,sucrose,20
2022_06_10_abb12,lick_05,639916,639696,48,spout05,10,220,abb,2,6/10/2022,sucrose10,sucrose,10
2022_06_10_abb12,lick_05,640039,639696,48,spout05,10,343,abb,2,6/10/2022,sucrose10,sucrose,10
2022_06_10_abb12,lick_05,640167,639696,48,spout05,10,471,abb,2,6/10/2022,sucrose10,sucrose,10
2022_06_10_abb12,lick_05,640310,639696,48,spout05,10,614,abb,2,6/10/2022,sucrose10,sucrose,10
2022_06_10_abb12,lick_05,640441,639696,48,spout05,10,745,abb,2,6/10/2022,sucrose10,sucrose,10
2022_06_10_abb12,lick_05,640569,639696,48,spout05,10,873,abb,2,6/10/2022,sucrose10,sucrose,10
2022_06_10_abb12,lick_05,641133,639696,48,spout05,10,1437,abb,2,6/10/2022,sucrose10,sucrose,10
2022_06_10_abb12,lick_05,641264,639696,48,spout05,10,1568,abb,2,6/10/2022,sucrose10,sucrose,10
2022_06_10_abb12,lick_02,655229,654934,49,spout02,10,295,abb,2,6/10/2022,sucrose20,sucrose,20
2022_06_10_abb12,lick_02,655376,654934,49,spout02,10,442,abb,2,6/10/2022,sucrose20,sucrose,20
2022_06_10_abb12,lick_02,655504,654934,49,spout02,10,570,abb,2,6/10/2022,sucrose20,sucrose,20
2022_06_10_abb12,lick_02,655624,654934,49,spout02,10,690,abb,2,6/10/2022,sucrose20,sucrose,20
2022_06_10_abb12,lick_02,655739,654934,49,spout02,10,805,abb,2,6/10/2022,sucrose20,sucrose,20
2022_06_10_abb12,lick_02,656076,654934,49,spout02,10,1142,abb,2,6/10/2022,sucrose20,sucrose,20
2022_06_10_abb12,lick_02,656188,654934,49,spout02,10,1254,abb,2,6/10/2022,sucrose20,sucrose,20
2022_06_10_abb12,lick_02,656304,654934,49,spout02,10,1370,abb,2,6/10/2022,sucrose20,sucrose,20
2022_06_10_abb12,lick_02,656436,654934,49,spout02,10,1502,abb,2,6/10/2022,sucrose20,sucrose,20
2022_06_10_abb12,lick_02,656556,654934,49,spout02,10,1622,abb,2,6/10/2022,sucrose20,sucrose,20
2022_06_10_abb12,lick_02,656933,654934,49,spout02,10,1999,abb,2,6/10/2022,sucrose20,sucrose,20
2022_06_10_abb12,lick_02,657201,654934,49,spout02,10,2267,abb,2,6/10/2022,sucrose20,sucrose,20
2022_06_10_abb12,lick_02,657329,654934,49,spout02,10,2395,abb,2,6/10/2022,sucrose20,sucrose,20
2022_06_10_abb12,lick_02,657456,654934,49,spout02,10,2522,abb,2,6/10/2022,sucrose20,sucrose,20
2022_06_10_abb12,lick_02,657580,654934,49,spout02,10,2646,abb,2,6/10/2022,sucrose20,sucrose,20
2022_06_10_abb12,lick_02,657846,654934,49,spout02,10,2912,abb,2,6/10/2022,sucrose20,sucrose,20
2022_06_10_abb12,lick_03,669895,669656,50,spout03,10,239,abb,2,6/10/2022,sucrose00,sucrose,0
2022_06_10_abb12,lick_03,670015,669656,50,spout03,10,359,abb,2,6/10/2022,sucrose00,sucrose,0
2022_06_10_abb12,lick_03,670131,669656,50,spout03,10,475,abb,2,6/10/2022,sucrose00,sucrose,0
2022_06_10_abb12,lick_03,670370,669656,50,spout03,10,714,abb,2,6/10/2022,sucrose00,sucrose,0
2022_06_10_abb12,lick_03,671024,669656,50,spout03,10,1368,abb,2,6/10/2022,sucrose00,sucrose,0
2022_06_10_abb12,lick_04,683217,682994,51,spout04,11,223,abb,2,6/10/2022,sucrose30,sucrose,30
2022_06_10_abb12,lick_04,683345,682994,51,spout04,11,351,abb,2,6/10/2022,sucrose30,sucrose,30
2022_06_10_abb12,lick_04,683472,682994,51,spout04,11,478,abb,2,6/10/2022,sucrose30,sucrose,30
2022_06_10_abb12,lick_04,683627,682994,51,spout04,11,633,abb,2,6/10/2022,sucrose30,sucrose,30
2022_06_10_abb12,lick_04,683758,682994,51,spout04,11,764,abb,2,6/10/2022,sucrose30,sucrose,30
2022_06_10_abb12,lick_04,683867,682994,51,spout04,11,873,abb,2,6/10/2022,sucrose30,sucrose,30
2022_06_10_abb12,lick_04,683994,682994,51,spout04,11,1000,abb,2,6/10/2022,sucrose30,sucrose,30
2022_06_10_abb12,lick_04,684122,682994,51,spout04,11,1128,abb,2,6/10/2022,sucrose30,sucrose,30
2022_06_10_abb12,lick_04,684253,682994,51,spout04,11,1259,abb,2,6/10/2022,sucrose30,sucrose,30
2022_06_10_abb12,lick_04,684385,682994,51,spout04,11,1391,abb,2,6/10/2022,sucrose30,sucrose,30
2022_06_10_abb12,lick_04,684520,682994,51,spout04,11,1526,abb,2,6/10/2022,sucrose30,sucrose,30
2022_06_10_abb12,lick_04,684647,682994,51,spout04,11,1653,abb,2,6/10/2022,sucrose30,sucrose,30
2022_06_10_abb12,lick_04,684778,682994,51,spout04,11,1784,abb,2,6/10/2022,sucrose30,sucrose,30
2022_06_10_abb12,lick_04,684906,682994,51,spout04,11,1912,abb,2,6/10/2022,sucrose30,sucrose,30
2022_06_10_abb12,lick_04,685037,682994,51,spout04,11,2043,abb,2,6/10/2022,sucrose30,sucrose,30
2022_06_10_abb12,lick_04,685172,682994,51,spout04,11,2178,abb,2,6/10/2022,sucrose30,sucrose,30
2022_06_10_abb12,lick_04,685307,682994,51,spout04,11,2313,abb,2,6/10/2022,sucrose30,sucrose,30
2022_06_10_abb12,lick_04,685438,682994,51,spout04,11,2444,abb,2,6/10/2022,sucrose30,sucrose,30
2022_06_10_abb12,lick_04,685578,682994,51,spout04,11,2584,abb,2,6/10/2022,sucrose30,sucrose,30
2022_06_10_abb12,lick_04,685706,682994,51,spout04,11,2712,abb,2,6/10/2022,sucrose30,sucrose,30
2022_06_10_abb12,lick_04,685845,682994,51,spout04,11,2851,abb,2,6/10/2022,sucrose30,sucrose,30
2022_06_10_abb12,lick_04,685976,682994,51,spout04,11,2982,abb,2,6/10/2022,sucrose30,sucrose,30
2022_06_10_abb12,lick_05,698327,698127,52,spout05,11,200,abb,2,6/10/2022,sucrose10,sucrose,10
2022_06_10_abb12,lick_05,698442,698127,52,spout05,11,315,abb,2,6/10/2022,sucrose10,sucrose,10
2022_06_10_abb12,lick_05,698573,698127,52,spout05,11,446,abb,2,6/10/2022,sucrose10,sucrose,10
2022_06_10_abb12,lick_05,698693,698127,52,spout05,11,566,abb,2,6/10/2022,sucrose10,sucrose,10
2022_06_10_abb12,lick_03,713421,713174,53,spout03,11,247,abb,2,6/10/2022,sucrose00,sucrose,0
2022_06_10_abb12,lick_03,713618,713174,53,spout03,11,444,abb,2,6/10/2022,sucrose00,sucrose,0
2022_06_10_abb12,lick_03,713742,713174,53,spout03,11,568,abb,2,6/10/2022,sucrose00,sucrose,0
2022_06_10_abb12,lick_02,729095,728765,54,spout02,11,330,abb,2,6/10/2022,sucrose20,sucrose,20
2022_06_10_abb12,lick_02,729249,728765,54,spout02,11,484,abb,2,6/10/2022,sucrose20,sucrose,20
2022_06_10_abb12,lick_02,729485,728765,54,spout02,11,720,abb,2,6/10/2022,sucrose20,sucrose,20
2022_06_10_abb12,lick_02,729609,728765,54,spout02,11,844,abb,2,6/10/2022,sucrose20,sucrose,20
2022_06_10_abb12,lick_02,729724,728765,54,spout02,11,959,abb,2,6/10/2022,sucrose20,sucrose,20
2022_06_10_abb12,lick_02,729852,728765,54,spout02,11,1087,abb,2,6/10/2022,sucrose20,sucrose,20
2022_06_10_abb12,lick_02,729971,728765,54,spout02,11,1206,abb,2,6/10/2022,sucrose20,sucrose,20
2022_06_10_abb12,lick_02,730204,728765,54,spout02,11,1439,abb,2,6/10/2022,sucrose20,sucrose,20
2022_06_10_abb12,lick_02,730327,728765,54,spout02,11,1562,abb,2,6/10/2022,sucrose20,sucrose,20
2022_06_10_abb12,lick_02,730439,728765,54,spout02,11,1674,abb,2,6/10/2022,sucrose20,sucrose,20
2022_06_10_abb12,lick_02,730559,728765,54,spout02,11,1794,abb,2,6/10/2022,sucrose20,sucrose,20
2022_06_10_abb12,lick_02,730679,728765,54,spout02,11,1914,abb,2,6/10/2022,sucrose20,sucrose,20
2022_06_10_abb12,lick_02,730810,728765,54,spout02,11,2045,abb,2,6/10/2022,sucrose20,sucrose,20
2022_06_10_abb12,lick_02,730934,728765,54,spout02,11,2169,abb,2,6/10/2022,sucrose20,sucrose,20
2022_06_10_abb12,lick_02,731200,728765,54,spout02,11,2435,abb,2,6/10/2022,sucrose20,sucrose,20
2022_06_10_abb12,lick_02,731320,728765,54,spout02,11,2555,abb,2,6/10/2022,sucrose20,sucrose,20
2022_06_10_abb12,lick_02,731440,728765,54,spout02,11,2675,abb,2,6/10/2022,sucrose20,sucrose,20
2022_06_10_abb12,lick_02,731568,728765,54,spout02,11,2803,abb,2,6/10/2022,sucrose20,sucrose,20
2022_06_10_abb12,lick_02,731692,728765,54,spout02,11,2927,abb,2,6/10/2022,sucrose20,sucrose,20
2022_06_10_abb12,lick_05,742317,742081,55,spout05,12,236,abb,2,6/10/2022,sucrose10,sucrose,10
2022_06_10_abb12,lick_05,742452,742081,55,spout05,12,371,abb,2,6/10/2022,sucrose10,sucrose,10
2022_06_10_abb12,lick_05,742572,742081,55,spout05,12,491,abb,2,6/10/2022,sucrose10,sucrose,10
2022_06_10_abb12,lick_05,742680,742081,55,spout05,12,599,abb,2,6/10/2022,sucrose10,sucrose,10
2022_06_10_abb12,lick_03,755375,755137,56,spout03,12,238,abb,2,6/10/2022,sucrose00,sucrose,0
2022_06_10_abb12,lick_03,755579,755137,56,spout03,12,442,abb,2,6/10/2022,sucrose00,sucrose,0
2022_06_10_abb12,lick,770350,770037,57,spout01,11,313,abb,2,6/10/2022,sucrose05,sucrose,5
2022_06_10_abb12,lick,770606,770037,57,spout01,11,569,abb,2,6/10/2022,sucrose05,sucrose,5
2022_06_10_abb12,lick_02,782827,782516,58,spout02,12,311,abb,2,6/10/2022,sucrose20,sucrose,20
2022_06_10_abb12,lick_02,783237,782516,58,spout02,12,721,abb,2,6/10/2022,sucrose20,sucrose,20
2022_06_10_abb12,lick_02,783352,782516,58,spout02,12,836,abb,2,6/10/2022,sucrose20,sucrose,20
2022_06_10_abb12,lick_02,783472,782516,58,spout02,12,956,abb,2,6/10/2022,sucrose20,sucrose,20
2022_06_10_abb12,lick_02,783762,782516,58,spout02,12,1246,abb,2,6/10/2022,sucrose20,sucrose,20
2022_06_10_abb12,lick_02,783870,782516,58,spout02,12,1354,abb,2,6/10/2022,sucrose20,sucrose,20
2022_06_10_abb12,lick_02,783997,782516,58,spout02,12,1481,abb,2,6/10/2022,sucrose20,sucrose,20
2022_06_10_abb12,lick_02,784113,782516,58,spout02,12,1597,abb,2,6/10/2022,sucrose20,sucrose,20
2022_06_10_abb12,lick_02,784241,782516,58,spout02,12,1725,abb,2,6/10/2022,sucrose20,sucrose,20
2022_06_10_abb12,lick_02,784365,782516,58,spout02,12,1849,abb,2,6/10/2022,sucrose20,sucrose,20
2022_06_10_abb12,lick_02,784747,782516,58,spout02,12,2231,abb,2,6/10/2022,sucrose20,sucrose,20
2022_06_10_abb12,lick_02,784893,782516,58,spout02,12,2377,abb,2,6/10/2022,sucrose20,sucrose,20
2022_06_10_abb12,lick_02,785021,782516,58,spout02,12,2505,abb,2,6/10/2022,sucrose20,sucrose,20
2022_06_10_abb12,lick_02,785141,782516,58,spout02,12,2625,abb,2,6/10/2022,sucrose20,sucrose,20
2022_06_10_abb12,lick_02,785268,782516,58,spout02,12,2752,abb,2,6/10/2022,sucrose20,sucrose,20
2022_06_10_abb12,lick,794685,794384,59,spout01,12,301,abb,2,6/10/2022,sucrose05,sucrose,5
2022_06_10_abb12,lick,794808,794384,59,spout01,12,424,abb,2,6/10/2022,sucrose05,sucrose,5
2022_06_10_abb12,lick,794916,794384,59,spout01,12,532,abb,2,6/10/2022,sucrose05,sucrose,5
2022_06_10_abb12,lick,795032,794384,59,spout01,12,648,abb,2,6/10/2022,sucrose05,sucrose,5
2022_06_10_abb12,lick,795149,794384,59,spout01,12,765,abb,2,6/10/2022,sucrose05,sucrose,5
2022_06_10_abb12,lick_04,809495,809270,60,spout04,12,225,abb,2,6/10/2022,sucrose30,sucrose,30
2022_06_10_abb12,lick_04,809631,809270,60,spout04,12,361,abb,2,6/10/2022,sucrose30,sucrose,30
2022_06_10_abb12,lick_04,809766,809270,60,spout04,12,496,abb,2,6/10/2022,sucrose30,sucrose,30
2022_06_10_abb12,lick_04,809909,809270,60,spout04,12,639,abb,2,6/10/2022,sucrose30,sucrose,30
2022_06_10_abb12,lick_04,810052,809270,60,spout04,12,782,abb,2,6/10/2022,sucrose30,sucrose,30
2022_06_10_abb12,lick_04,810168,809270,60,spout04,12,898,abb,2,6/10/2022,sucrose30,sucrose,30
2022_06_10_abb12,lick_04,810288,809270,60,spout04,12,1018,abb,2,6/10/2022,sucrose30,sucrose,30
2022_06_10_abb12,lick_04,810434,809270,60,spout04,12,1164,abb,2,6/10/2022,sucrose30,sucrose,30
2022_06_10_abb12,lick_04,810573,809270,60,spout04,12,1303,abb,2,6/10/2022,sucrose30,sucrose,30
2022_06_10_abb12,lick_04,810689,809270,60,spout04,12,1419,abb,2,6/10/2022,sucrose30,sucrose,30
2022_06_10_abb12,lick_04,810852,809270,60,spout04,12,1582,abb,2,6/10/2022,sucrose30,sucrose,30
2022_06_10_abb12,lick_04,810968,809270,60,spout04,12,1698,abb,2,6/10/2022,sucrose30,sucrose,30
2022_06_10_abb12,lick_04,811090,809270,60,spout04,12,1820,abb,2,6/10/2022,sucrose30,sucrose,30
2022_06_10_abb12,lick_04,811238,809270,60,spout04,12,1968,abb,2,6/10/2022,sucrose30,sucrose,30
2022_06_10_abb12,lick_04,811358,809270,60,spout04,12,2088,abb,2,6/10/2022,sucrose30,sucrose,30
2022_06_10_abb12,lick_04,811485,809270,60,spout04,12,2215,abb,2,6/10/2022,sucrose30,sucrose,30
2022_06_10_abb12,lick_04,811620,809270,60,spout04,12,2350,abb,2,6/10/2022,sucrose30,sucrose,30
2022_06_10_abb12,lick_04,811744,809270,60,spout04,12,2474,abb,2,6/10/2022,sucrose30,sucrose,30
2022_06_10_abb12,lick_04,811872,809270,60,spout04,12,2602,abb,2,6/10/2022,sucrose30,sucrose,30
2022_06_10_abb12,lick_04,812003,809270,60,spout04,12,2733,abb,2,6/10/2022,sucrose30,sucrose,30
2022_06_10_abb12,lick_04,812134,809270,60,spout04,12,2864,abb,2,6/10/2022,sucrose30,sucrose,30
2022_06_10_abb12,lick_04,812265,809270,60,spout04,12,2995,abb,2,6/10/2022,sucrose30,sucrose,30
2022_06_10_abb12,lick,825418,825144,61,spout01,13,274,abb,2,6/10/2022,sucrose05,sucrose,5
2022_06_10_abb12,lick,825562,825144,61,spout01,13,418,abb,2,6/10/2022,sucrose05,sucrose,5
2022_06_10_abb12,lick,825681,825144,61,spout01,13,537,abb,2,6/10/2022,sucrose05,sucrose,5
2022_06_10_abb12,lick,825797,825144,61,spout01,13,653,abb,2,6/10/2022,sucrose05,sucrose,5
2022_06_10_abb12,lick_03,837084,836827,62,spout03,13,257,abb,2,6/10/2022,sucrose00,sucrose,0
2022_06_10_abb12,lick_03,837226,836827,62,spout03,13,399,abb,2,6/10/2022,sucrose00,sucrose,0
2022_06_10_abb12,lick_03,837342,836827,62,spout03,13,515,abb,2,6/10/2022,sucrose00,sucrose,0
2022_06_10_abb12,lick_03,837458,836827,62,spout03,13,631,abb,2,6/10/2022,sucrose00,sucrose,0
2022_06_10_abb12,lick_03,849880,849616,63,spout03,14,264,abb,2,6/10/2022,sucrose00,sucrose,0
2022_06_10_abb12,lick_03,850115,849616,63,spout03,14,499,abb,2,6/10/2022,sucrose00,sucrose,0
2022_06_10_abb12,lick_03,850818,849616,63,spout03,14,1202,abb,2,6/10/2022,sucrose00,sucrose,0
2022_06_10_abb12,lick,862461,862147,64,spout01,14,314,abb,2,6/10/2022,sucrose05,sucrose,5
2022_06_10_abb12,lick,862597,862147,64,spout01,14,450,abb,2,6/10/2022,sucrose05,sucrose,5
2022_06_10_abb12,lick,862825,862147,64,spout01,14,678,abb,2,6/10/2022,sucrose05,sucrose,5
2022_06_10_abb12,lick,862945,862147,64,spout01,14,798,abb,2,6/10/2022,sucrose05,sucrose,5
2022_06_10_abb12,lick,863165,862147,64,spout01,14,1018,abb,2,6/10/2022,sucrose05,sucrose,5
2022_06_10_abb12,lick,863285,862147,64,spout01,14,1138,abb,2,6/10/2022,sucrose05,sucrose,5
2022_06_10_abb12,lick,863513,862147,64,spout01,14,1366,abb,2,6/10/2022,sucrose05,sucrose,5
2022_06_10_abb12,lick,863625,862147,64,spout01,14,1478,abb,2,6/10/2022,sucrose05,sucrose,5
2022_06_10_abb12,lick,863861,862147,64,spout01,14,1714,abb,2,6/10/2022,sucrose05,sucrose,5
2022_06_10_abb12,lick,863981,862147,64,spout01,14,1834,abb,2,6/10/2022,sucrose05,sucrose,5
2022_06_10_abb12,lick,864220,862147,64,spout01,14,2073,abb,2,6/10/2022,sucrose05,sucrose,5
2022_06_10_abb12,lick,864464,862147,64,spout01,14,2317,abb,2,6/10/2022,sucrose05,sucrose,5
2022_06_10_abb12,lick_02,876473,876173,65,spout02,13,300,abb,2,6/10/2022,sucrose20,sucrose,20
2022_06_10_abb12,lick_02,876631,876173,65,spout02,13,458,abb,2,6/10/2022,sucrose20,sucrose,20
2022_06_10_abb12,lick_02,876874,876173,65,spout02,13,701,abb,2,6/10/2022,sucrose20,sucrose,20
2022_06_10_abb12,lick_02,876998,876173,65,spout02,13,825,abb,2,6/10/2022,sucrose20,sucrose,20
2022_06_10_abb12,lick_02,877129,876173,65,spout02,13,956,abb,2,6/10/2022,sucrose20,sucrose,20
2022_06_10_abb12,lick_02,877369,876173,65,spout02,13,1196,abb,2,6/10/2022,sucrose20,sucrose,20
2022_06_10_abb12,lick_02,877473,876173,65,spout02,13,1300,abb,2,6/10/2022,sucrose20,sucrose,20
2022_06_10_abb12,lick_02,877601,876173,65,spout02,13,1428,abb,2,6/10/2022,sucrose20,sucrose,20
2022_06_10_abb12,lick_02,877724,876173,65,spout02,13,1551,abb,2,6/10/2022,sucrose20,sucrose,20
2022_06_10_abb12,lick_02,878014,876173,65,spout02,13,1841,abb,2,6/10/2022,sucrose20,sucrose,20
2022_06_10_abb12,lick_02,878130,876173,65,spout02,13,1957,abb,2,6/10/2022,sucrose20,sucrose,20
2022_06_10_abb12,lick_02,878389,876173,65,spout02,13,2216,abb,2,6/10/2022,sucrose20,sucrose,20
2022_06_10_abb12,lick_02,878512,876173,65,spout02,13,2339,abb,2,6/10/2022,sucrose20,sucrose,20
2022_06_10_abb12,lick_02,878636,876173,65,spout02,13,2463,abb,2,6/10/2022,sucrose20,sucrose,20
2022_06_10_abb12,lick_02,878764,876173,65,spout02,13,2591,abb,2,6/10/2022,sucrose20,sucrose,20
2022_06_10_abb12,lick_02,878883,876173,65,spout02,13,2710,abb,2,6/10/2022,sucrose20,sucrose,20
2022_06_10_abb12,lick_05,891181,890976,66,spout05,13,205,abb,2,6/10/2022,sucrose10,sucrose,10
2022_06_10_abb12,lick_05,891316,890976,66,spout05,13,340,abb,2,6/10/2022,sucrose10,sucrose,10
2022_06_10_abb12,lick_05,891447,890976,66,spout05,13,471,abb,2,6/10/2022,sucrose10,sucrose,10
2022_06_10_abb12,lick_05,891575,890976,66,spout05,13,599,abb,2,6/10/2022,sucrose10,sucrose,10
2022_06_10_abb12,lick_05,891702,890976,66,spout05,13,726,abb,2,6/10/2022,sucrose10,sucrose,10
2022_06_10_abb12,lick_05,892188,890976,66,spout05,13,1212,abb,2,6/10/2022,sucrose10,sucrose,10
2022_06_10_abb12,lick_05,892308,890976,66,spout05,13,1332,abb,2,6/10/2022,sucrose10,sucrose,10
2022_06_10_abb12,lick_05,892545,890976,66,spout05,13,1569,abb,2,6/10/2022,sucrose10,sucrose,10
2022_06_10_abb12,lick_05,892672,890976,66,spout05,13,1696,abb,2,6/10/2022,sucrose10,sucrose,10
2022_06_10_abb12,lick_05,892791,890976,66,spout05,13,1815,abb,2,6/10/2022,sucrose10,sucrose,10
2022_06_10_abb12,lick_05,892915,890976,66,spout05,13,1939,abb,2,6/10/2022,sucrose10,sucrose,10
2022_06_10_abb12,lick_05,893042,890976,66,spout05,13,2066,abb,2,6/10/2022,sucrose10,sucrose,10
2022_06_10_abb12,lick_05,893398,890976,66,spout05,13,2422,abb,2,6/10/2022,sucrose10,sucrose,10
2022_06_10_abb12,lick_05,893533,890976,66,spout05,13,2557,abb,2,6/10/2022,sucrose10,sucrose,10
2022_06_10_abb12,lick_05,893657,890976,66,spout05,13,2681,abb,2,6/10/2022,sucrose10,sucrose,10
2022_06_10_abb12,lick_05,893796,890976,66,spout05,13,2820,abb,2,6/10/2022,sucrose10,sucrose,10
2022_06_10_abb12,lick_05,893938,890976,66,spout05,13,2962,abb,2,6/10/2022,sucrose10,sucrose,10
2022_06_10_abb12,lick_04,905119,904896,67,spout04,13,223,abb,2,6/10/2022,sucrose30,sucrose,30
2022_06_10_abb12,lick_04,905259,904896,67,spout04,13,363,abb,2,6/10/2022,sucrose30,sucrose,30
2022_06_10_abb12,lick_04,905398,904896,67,spout04,13,502,abb,2,6/10/2022,sucrose30,sucrose,30
2022_06_10_abb12,lick_04,905533,904896,67,spout04,13,637,abb,2,6/10/2022,sucrose30,sucrose,30
2022_06_10_abb12,lick_04,905675,904896,67,spout04,13,779,abb,2,6/10/2022,sucrose30,sucrose,30
2022_06_10_abb12,lick_04,905815,904896,67,spout04,13,919,abb,2,6/10/2022,sucrose30,sucrose,30
2022_06_10_abb12,lick_04,905911,904896,67,spout04,13,1015,abb,2,6/10/2022,sucrose30,sucrose,30
2022_06_10_abb12,lick_04,906039,904896,67,spout04,13,1143,abb,2,6/10/2022,sucrose30,sucrose,30
2022_06_10_abb12,lick_04,906166,904896,67,spout04,13,1270,abb,2,6/10/2022,sucrose30,sucrose,30
2022_06_10_abb12,lick_04,906291,904896,67,spout04,13,1395,abb,2,6/10/2022,sucrose30,sucrose,30
2022_06_10_abb12,lick_04,906418,904896,67,spout04,13,1522,abb,2,6/10/2022,sucrose30,sucrose,30
2022_06_10_abb12,lick_04,906553,904896,67,spout04,13,1657,abb,2,6/10/2022,sucrose30,sucrose,30
2022_06_10_abb12,lick_04,906680,904896,67,spout04,13,1784,abb,2,6/10/2022,sucrose30,sucrose,30
2022_06_10_abb12,lick_04,906812,904896,67,spout04,13,1916,abb,2,6/10/2022,sucrose30,sucrose,30
2022_06_10_abb12,lick_04,906943,904896,67,spout04,13,2047,abb,2,6/10/2022,sucrose30,sucrose,30
2022_06_10_abb12,lick_04,907078,904896,67,spout04,13,2182,abb,2,6/10/2022,sucrose30,sucrose,30
2022_06_10_abb12,lick_04,907213,904896,67,spout04,13,2317,abb,2,6/10/2022,sucrose30,sucrose,30
2022_06_10_abb12,lick_04,907353,904896,67,spout04,13,2457,abb,2,6/10/2022,sucrose30,sucrose,30
2022_06_10_abb12,lick_04,907492,904896,67,spout04,13,2596,abb,2,6/10/2022,sucrose30,sucrose,30
2022_06_10_abb12,lick_04,907616,904896,67,spout04,13,2720,abb,2,6/10/2022,sucrose30,sucrose,30
2022_06_10_abb12,lick_04,907770,904896,67,spout04,13,2874,abb,2,6/10/2022,sucrose30,sucrose,30
2022_06_10_abb12,lick_02,918859,918551,68,spout02,14,308,abb,2,6/10/2022,sucrose20,sucrose,20
2022_06_10_abb12,lick_02,919231,918551,68,spout02,14,680,abb,2,6/10/2022,sucrose20,sucrose,20
2022_06_10_abb12,lick_02,919358,918551,68,spout02,14,807,abb,2,6/10/2022,sucrose20,sucrose,20
2022_06_10_abb12,lick_02,919467,918551,68,spout02,14,916,abb,2,6/10/2022,sucrose20,sucrose,20
2022_06_10_abb12,lick_02,919617,918551,68,spout02,14,1066,abb,2,6/10/2022,sucrose20,sucrose,20
2022_06_10_abb12,lick_02,919726,918551,68,spout02,14,1175,abb,2,6/10/2022,sucrose20,sucrose,20
2022_06_10_abb12,lick_02,919838,918551,68,spout02,14,1287,abb,2,6/10/2022,sucrose20,sucrose,20
2022_06_10_abb12,lick_02,919961,918551,68,spout02,14,1410,abb,2,6/10/2022,sucrose20,sucrose,20
2022_06_10_abb12,lick_02,920081,918551,68,spout02,14,1530,abb,2,6/10/2022,sucrose20,sucrose,20
2022_06_10_abb12,lick_02,920209,918551,68,spout02,14,1658,abb,2,6/10/2022,sucrose20,sucrose,20
2022_06_10_abb12,lick_02,920622,918551,68,spout02,14,2071,abb,2,6/10/2022,sucrose20,sucrose,20
2022_06_10_abb12,lick_02,920761,918551,68,spout02,14,2210,abb,2,6/10/2022,sucrose20,sucrose,20
2022_06_10_abb12,lick_02,920877,918551,68,spout02,14,2326,abb,2,6/10/2022,sucrose20,sucrose,20
2022_06_10_abb12,lick_02,921136,918551,68,spout02,14,2585,abb,2,6/10/2022,sucrose20,sucrose,20
2022_06_10_abb12,lick_02,921260,918551,68,spout02,14,2709,abb,2,6/10/2022,sucrose20,sucrose,20
2022_06_10_abb12,lick_02,921507,918551,68,spout02,14,2956,abb,2,6/10/2022,sucrose20,sucrose,20
2022_06_10_abb12,lick_05,930968,930748,69,spout05,14,220,abb,2,6/10/2022,sucrose10,sucrose,10
2022_06_10_abb12,lick_05,931085,930748,69,spout05,14,337,abb,2,6/10/2022,sucrose10,sucrose,10
2022_06_10_abb12,lick_05,931185,930748,69,spout05,14,437,abb,2,6/10/2022,sucrose10,sucrose,10
2022_06_10_abb12,lick_05,931313,930748,69,spout05,14,565,abb,2,6/10/2022,sucrose10,sucrose,10
2022_06_10_abb12,lick_05,931429,930748,69,spout05,14,681,abb,2,6/10/2022,sucrose10,sucrose,10
2022_06_10_abb12,lick_05,931536,930748,69,spout05,14,788,abb,2,6/10/2022,sucrose10,sucrose,10
2022_06_10_abb12,lick_05,931653,930748,69,spout05,14,905,abb,2,6/10/2022,sucrose10,sucrose,10
2022_06_10_abb12,lick_05,932144,930748,69,spout05,14,1396,abb,2,6/10/2022,sucrose10,sucrose,10
2022_06_10_abb12,lick_05,932900,930748,69,spout05,14,2152,abb,2,6/10/2022,sucrose10,sucrose,10
2022_06_10_abb12,lick_05,933024,930748,69,spout05,14,2276,abb,2,6/10/2022,sucrose10,sucrose,10
2022_06_10_abb12,lick_05,933136,930748,69,spout05,14,2388,abb,2,6/10/2022,sucrose10,sucrose,10
2022_06_10_abb12,lick_05,933295,930748,69,spout05,14,2547,abb,2,6/10/2022,sucrose10,sucrose,10
2022_06_10_abb12,lick_05,933395,930748,69,spout05,14,2647,abb,2,6/10/2022,sucrose10,sucrose,10
2022_06_10_abb12,lick_05,933530,930748,69,spout05,14,2782,abb,2,6/10/2022,sucrose10,sucrose,10
2022_06_10_abb12,lick_04,946043,945832,70,spout04,14,211,abb,2,6/10/2022,sucrose30,sucrose,30
2022_06_10_abb12,lick_04,946191,945832,70,spout04,14,359,abb,2,6/10/2022,sucrose30,sucrose,30
2022_06_10_abb12,lick_04,946304,945832,70,spout04,14,472,abb,2,6/10/2022,sucrose30,sucrose,30
2022_06_10_abb12,lick_04,946472,945832,70,spout04,14,640,abb,2,6/10/2022,sucrose30,sucrose,30
2022_06_10_abb12,lick_04,946574,945832,70,spout04,14,742,abb,2,6/10/2022,sucrose30,sucrose,30
2022_06_10_abb12,lick_04,946736,945832,70,spout04,14,904,abb,2,6/10/2022,sucrose30,sucrose,30
2022_06_10_abb12,lick_04,946843,945832,70,spout04,14,1011,abb,2,6/10/2022,sucrose30,sucrose,30
2022_06_10_abb12,lick_04,947006,945832,70,spout04,14,1174,abb,2,6/10/2022,sucrose30,sucrose,30
2022_06_10_abb12,lick_04,947153,945832,70,spout04,14,1321,abb,2,6/10/2022,sucrose30,sucrose,30
2022_06_10_abb12,lick_04,947289,945832,70,spout04,14,1457,abb,2,6/10/2022,sucrose30,sucrose,30
2022_06_10_abb12,lick_04,947416,945832,70,spout04,14,1584,abb,2,6/10/2022,sucrose30,sucrose,30
2022_06_10_abb12,lick_04,947559,945832,70,spout04,14,1727,abb,2,6/10/2022,sucrose30,sucrose,30
2022_06_10_abb12,lick_04,947694,945832,70,spout04,14,1862,abb,2,6/10/2022,sucrose30,sucrose,30
2022_06_10_abb12,lick_04,947829,945832,70,spout04,14,1997,abb,2,6/10/2022,sucrose30,sucrose,30
2022_06_10_abb12,lick_04,947964,945832,70,spout04,14,2132,abb,2,6/10/2022,sucrose30,sucrose,30
2022_06_10_abb12,lick_04,948096,945832,70,spout04,14,2264,abb,2,6/10/2022,sucrose30,sucrose,30
2022_06_10_abb12,lick_04,948227,945832,70,spout04,14,2395,abb,2,6/10/2022,sucrose30,sucrose,30
2022_06_10_abb12,lick_04,948374,945832,70,spout04,14,2542,abb,2,6/10/2022,sucrose30,sucrose,30
2022_06_10_abb12,lick_04,948501,945832,70,spout04,14,2669,abb,2,6/10/2022,sucrose30,sucrose,30
2022_06_10_abb12,lick_04,948636,945832,70,spout04,14,2804,abb,2,6/10/2022,sucrose30,sucrose,30
2022_06_10_abb12,lick_04,948780,945832,70,spout04,14,2948,abb,2,6/10/2022,sucrose30,sucrose,30
2022_06_10_abb12,lick_04,948810,945832,70,spout04,14,2978,abb,2,6/10/2022,sucrose30,sucrose,30
2022_06_10_abb12,lick_05,961926,961714,71,spout05,15,212,abb,2,6/10/2022,sucrose10,sucrose,10
2022_06_10_abb12,lick_05,962087,961714,71,spout05,15,373,abb,2,6/10/2022,sucrose10,sucrose,10
2022_06_10_abb12,lick_05,962185,961714,71,spout05,15,471,abb,2,6/10/2022,sucrose10,sucrose,10
2022_06_10_abb12,lick_05,962331,961714,71,spout05,15,617,abb,2,6/10/2022,sucrose10,sucrose,10
2022_06_10_abb12,lick_05,962486,961714,71,spout05,15,772,abb,2,6/10/2022,sucrose10,sucrose,10
2022_06_10_abb12,lick_05,962648,961714,71,spout05,15,934,abb,2,6/10/2022,sucrose10,sucrose,10
2022_06_10_abb12,lick_05,963096,961714,71,spout05,15,1382,abb,2,6/10/2022,sucrose10,sucrose,10
2022_06_10_abb12,lick_05,963231,961714,71,spout05,15,1517,abb,2,6/10/2022,sucrose10,sucrose,10
2022_06_10_abb12,lick_02,974675,974381,72,spout02,15,294,abb,2,6/10/2022,sucrose20,sucrose,20
2022_06_10_abb12,lick_02,974815,974381,72,spout02,15,434,abb,2,6/10/2022,sucrose20,sucrose,20
2022_06_10_abb12,lick_02,974930,974381,72,spout02,15,549,abb,2,6/10/2022,sucrose20,sucrose,20
2022_06_10_abb12,lick_02,975147,974381,72,spout02,15,766,abb,2,6/10/2022,sucrose20,sucrose,20
2022_06_10_abb12,lick_02,975386,974381,72,spout02,15,1005,abb,2,6/10/2022,sucrose20,sucrose,20
2022_06_10_abb12,lick_02,975502,974381,72,spout02,15,1121,abb,2,6/10/2022,sucrose20,sucrose,20
2022_06_10_abb12,lick_02,975614,974381,72,spout02,15,1233,abb,2,6/10/2022,sucrose20,sucrose,20
2022_06_10_abb12,lick_02,975738,974381,72,spout02,15,1357,abb,2,6/10/2022,sucrose20,sucrose,20
2022_06_10_abb12,lick_02,975858,974381,72,spout02,15,1477,abb,2,6/10/2022,sucrose20,sucrose,20
2022_06_10_abb12,lick_02,975977,974381,72,spout02,15,1596,abb,2,6/10/2022,sucrose20,sucrose,20
2022_06_10_abb12,lick_02,976233,974381,72,spout02,15,1852,abb,2,6/10/2022,sucrose20,sucrose,20
2022_06_10_abb12,lick_02,976353,974381,72,spout02,15,1972,abb,2,6/10/2022,sucrose20,sucrose,20
2022_06_10_abb12,lick_02,976473,974381,72,spout02,15,2092,abb,2,6/10/2022,sucrose20,sucrose,20
2022_06_10_abb12,lick_02,976723,974381,72,spout02,15,2342,abb,2,6/10/2022,sucrose20,sucrose,20
2022_06_10_abb12,lick_02,976850,974381,72,spout02,15,2469,abb,2,6/10/2022,sucrose20,sucrose,20
2022_06_10_abb12,lick_02,977106,974381,72,spout02,15,2725,abb,2,6/10/2022,sucrose20,sucrose,20
2022_06_10_abb12,lick_02,977360,974381,72,spout02,15,2979,abb,2,6/10/2022,sucrose20,sucrose,20
2022_06_10_abb12,lick_04,987829,987601,73,spout04,15,228,abb,2,6/10/2022,sucrose30,sucrose,30
2022_06_10_abb12,lick_04,987953,987601,73,spout04,15,352,abb,2,6/10/2022,sucrose30,sucrose,30
2022_06_10_abb12,lick_04,988088,987601,73,spout04,15,487,abb,2,6/10/2022,sucrose30,sucrose,30
2022_06_10_abb12,lick_04,988220,987601,73,spout04,15,619,abb,2,6/10/2022,sucrose30,sucrose,30
2022_06_10_abb12,lick_04,988319,987601,73,spout04,15,718,abb,2,6/10/2022,sucrose30,sucrose,30
2022_06_10_abb12,lick_04,988451,987601,73,spout04,15,850,abb,2,6/10/2022,sucrose30,sucrose,30
2022_06_10_abb12,lick_04,988579,987601,73,spout04,15,978,abb,2,6/10/2022,sucrose30,sucrose,30
2022_06_10_abb12,lick_04,988710,987601,73,spout04,15,1109,abb,2,6/10/2022,sucrose30,sucrose,30
2022_06_10_abb12,lick_04,988841,987601,73,spout04,15,1240,abb,2,6/10/2022,sucrose30,sucrose,30
2022_06_10_abb12,lick_04,988977,987601,73,spout04,15,1376,abb,2,6/10/2022,sucrose30,sucrose,30
2022_06_10_abb12,lick_04,989112,987601,73,spout04,15,1511,abb,2,6/10/2022,sucrose30,sucrose,30
2022_06_10_abb12,lick_04,989247,987601,73,spout04,15,1646,abb,2,6/10/2022,sucrose30,sucrose,30
2022_06_10_abb12,lick_04,989379,987601,73,spout04,15,1778,abb,2,6/10/2022,sucrose30,sucrose,30
2022_06_10_abb12,lick_04,989399,987601,73,spout04,15,1798,abb,2,6/10/2022,sucrose30,sucrose,30
2022_06_10_abb12,lick_04,989521,987601,73,spout04,15,1920,abb,2,6/10/2022,sucrose30,sucrose,30
2022_06_10_abb12,lick_04,989665,987601,73,spout04,15,2064,abb,2,6/10/2022,sucrose30,sucrose,30
2022_06_10_abb12,lick_04,989792,987601,73,spout04,15,2191,abb,2,6/10/2022,sucrose30,sucrose,30
2022_06_10_abb12,lick_04,989939,987601,73,spout04,15,2338,abb,2,6/10/2022,sucrose30,sucrose,30
2022_06_10_abb12,lick_04,990086,987601,73,spout04,15,2485,abb,2,6/10/2022,sucrose30,sucrose,30
2022_06_10_abb12,lick_04,990210,987601,73,spout04,15,2609,abb,2,6/10/2022,sucrose30,sucrose,30
2022_06_10_abb12,lick_04,990364,987601,73,spout04,15,2763,abb,2,6/10/2022,sucrose30,sucrose,30
2022_06_10_abb12,lick_04,990503,987601,73,spout04,15,2902,abb,2,6/10/2022,sucrose30,sucrose,30
2022_06_10_abb12,lick_05,1000990,1000763,74,spout05,16,227,abb,2,6/10/2022,sucrose10,sucrose,10
2022_06_10_abb12,lick_05,1001110,1000763,74,spout05,16,347,abb,2,6/10/2022,sucrose10,sucrose,10
2022_06_10_abb12,lick_05,1001234,1000763,74,spout05,16,471,abb,2,6/10/2022,sucrose10,sucrose,10
2022_06_10_abb12,lick_05,1001365,1000763,74,spout05,16,602,abb,2,6/10/2022,sucrose10,sucrose,10
2022_06_10_abb12,lick_05,1001474,1000763,74,spout05,16,711,abb,2,6/10/2022,sucrose10,sucrose,10
2022_06_10_abb12,lick_03,1013330,1013093,75,spout03,15,237,abb,2,6/10/2022,sucrose00,sucrose,0
2022_06_10_abb12,lick_03,1013453,1013093,75,spout03,15,360,abb,2,6/10/2022,sucrose00,sucrose,0
2022_06_10_abb12,lick_03,1013580,1013093,75,spout03,15,487,abb,2,6/10/2022,sucrose00,sucrose,0
2022_06_10_abb12,lick_03,1013685,1013093,75,spout03,15,592,abb,2,6/10/2022,sucrose00,sucrose,0
2022_06_10_abb12,lick_03,1026552,1026304,76,spout03,16,248,abb,2,6/10/2022,sucrose00,sucrose,0
2022_06_10_abb12,lick_03,1026764,1026304,76,spout03,16,460,abb,2,6/10/2022,sucrose00,sucrose,0
2022_06_10_abb12,lick,1038776,1038502,77,spout01,15,274,abb,2,6/10/2022,sucrose05,sucrose,5
2022_06_10_abb12,lick,1039035,1038502,77,spout01,15,533,abb,2,6/10/2022,sucrose05,sucrose,5
2022_06_10_abb12,lick,1039155,1038502,77,spout01,15,653,abb,2,6/10/2022,sucrose05,sucrose,5
2022_06_10_abb12,lick,1039258,1038502,77,spout01,15,756,abb,2,6/10/2022,sucrose05,sucrose,5
2022_06_10_abb12,lick,1039371,1038502,77,spout01,15,869,abb,2,6/10/2022,sucrose05,sucrose,5
2022_06_10_abb12,lick,1039513,1038502,77,spout01,15,1011,abb,2,6/10/2022,sucrose05,sucrose,5
2022_06_10_abb12,lick,1039765,1038502,77,spout01,15,1263,abb,2,6/10/2022,sucrose05,sucrose,5
2022_06_10_abb12,lick,1050894,1050611,78,spout01,16,283,abb,2,6/10/2022,sucrose05,sucrose,5
2022_06_10_abb12,lick,1051134,1050611,78,spout01,16,523,abb,2,6/10/2022,sucrose05,sucrose,5
2022_06_10_abb12,lick,1051249,1050611,78,spout01,16,638,abb,2,6/10/2022,sucrose05,sucrose,5
2022_06_10_abb12,lick_02,1065391,1065107,79,spout02,16,284,abb,2,6/10/2022,sucrose20,sucrose,20
2022_06_10_abb12,lick_02,1065757,1065107,79,spout02,16,650,abb,2,6/10/2022,sucrose20,sucrose,20
2022_06_10_abb12,lick_02,1065870,1065107,79,spout02,16,763,abb,2,6/10/2022,sucrose20,sucrose,20
2022_06_10_abb12,lick_02,1065997,1065107,79,spout02,16,890,abb,2,6/10/2022,sucrose20,sucrose,20
2022_06_10_abb12,lick_02,1066105,1065107,79,spout02,16,998,abb,2,6/10/2022,sucrose20,sucrose,20
2022_06_10_abb12,lick_02,1066349,1065107,79,spout02,16,1242,abb,2,6/10/2022,sucrose20,sucrose,20
2022_06_10_abb12,lick_02,1066465,1065107,79,spout02,16,1358,abb,2,6/10/2022,sucrose20,sucrose,20
2022_06_10_abb12,lick_02,1066585,1065107,79,spout02,16,1478,abb,2,6/10/2022,sucrose20,sucrose,20
2022_06_10_abb12,lick_02,1066704,1065107,79,spout02,16,1597,abb,2,6/10/2022,sucrose20,sucrose,20
2022_06_10_abb12,lick_02,1066840,1065107,79,spout02,16,1733,abb,2,6/10/2022,sucrose20,sucrose,20
2022_06_10_abb12,lick_02,1066967,1065107,79,spout02,16,1860,abb,2,6/10/2022,sucrose20,sucrose,20
2022_06_10_abb12,lick_02,1067086,1065107,79,spout02,16,1979,abb,2,6/10/2022,sucrose20,sucrose,20
2022_06_10_abb12,lick_02,1067210,1065107,79,spout02,16,2103,abb,2,6/10/2022,sucrose20,sucrose,20
2022_06_10_abb12,lick_02,1067600,1065107,79,spout02,16,2493,abb,2,6/10/2022,sucrose20,sucrose,20
2022_06_10_abb12,lick_02,1067782,1065107,79,spout02,16,2675,abb,2,6/10/2022,sucrose20,sucrose,20
2022_06_10_abb12,lick_02,1067921,1065107,79,spout02,16,2814,abb,2,6/10/2022,sucrose20,sucrose,20
2022_06_10_abb12,lick_02,1068045,1065107,79,spout02,16,2938,abb,2,6/10/2022,sucrose20,sucrose,20
2022_06_10_abb12,lick_04,1077256,1077046,80,spout04,16,210,abb,2,6/10/2022,sucrose30,sucrose,30
2022_06_10_abb12,lick_04,1077368,1077046,80,spout04,16,322,abb,2,6/10/2022,sucrose30,sucrose,30
2022_06_10_abb12,lick_04,1077507,1077046,80,spout04,16,461,abb,2,6/10/2022,sucrose30,sucrose,30
2022_06_10_abb12,lick_04,1077635,1077046,80,spout04,16,589,abb,2,6/10/2022,sucrose30,sucrose,30
2022_06_10_abb12,lick_04,1077665,1077046,80,spout04,16,619,abb,2,6/10/2022,sucrose30,sucrose,30
2022_06_10_abb12,lick_04,1077770,1077046,80,spout04,16,724,abb,2,6/10/2022,sucrose30,sucrose,30
2022_06_10_abb12,lick_04,1077901,1077046,80,spout04,16,855,abb,2,6/10/2022,sucrose30,sucrose,30
2022_06_10_abb12,lick_04,1078033,1077046,80,spout04,16,987,abb,2,6/10/2022,sucrose30,sucrose,30
2022_06_10_abb12,lick_04,1078160,1077046,80,spout04,16,1114,abb,2,6/10/2022,sucrose30,sucrose,30
2022_06_10_abb12,lick_04,1078287,1077046,80,spout04,16,1241,abb,2,6/10/2022,sucrose30,sucrose,30
2022_06_10_abb12,lick_04,1078426,1077046,80,spout04,16,1380,abb,2,6/10/2022,sucrose30,sucrose,30
2022_06_10_abb12,lick_04,1078565,1077046,80,spout04,16,1519,abb,2,6/10/2022,sucrose30,sucrose,30
2022_06_10_abb12,lick_04,1078696,1077046,80,spout04,16,1650,abb,2,6/10/2022,sucrose30,sucrose,30
2022_06_10_abb12,lick_04,1078843,1077046,80,spout04,16,1797,abb,2,6/10/2022,sucrose30,sucrose,30
2022_06_10_abb12,lick_04,1078993,1077046,80,spout04,16,1947,abb,2,6/10/2022,sucrose30,sucrose,30
2022_06_10_abb12,lick_04,1079137,1077046,80,spout04,16,2091,abb,2,6/10/2022,sucrose30,sucrose,30
2022_06_10_abb12,lick_04,1079294,1077046,80,spout04,16,2248,abb,2,6/10/2022,sucrose30,sucrose,30
2022_06_10_abb12,lick_04,1079418,1077046,80,spout04,16,2372,abb,2,6/10/2022,sucrose30,sucrose,30
2022_06_10_abb12,lick_04,1079569,1077046,80,spout04,16,2523,abb,2,6/10/2022,sucrose30,sucrose,30
2022_06_10_abb12,lick_04,1079605,1077046,80,spout04,16,2559,abb,2,6/10/2022,sucrose30,sucrose,30
2022_06_10_abb12,lick_04,1079708,1077046,80,spout04,16,2662,abb,2,6/10/2022,sucrose30,sucrose,30
2022_06_10_abb12,lick_04,1079843,1077046,80,spout04,16,2797,abb,2,6/10/2022,sucrose30,sucrose,30
2022_06_10_abb12,lick_04,1079967,1077046,80,spout04,16,2921,abb,2,6/10/2022,sucrose30,sucrose,30
2022_06_10_abb12,lick_05,1089506,1089266,81,spout05,17,240,abb,2,6/10/2022,sucrose10,sucrose,10
2022_06_10_abb12,lick_05,1089622,1089266,81,spout05,17,356,abb,2,6/10/2022,sucrose10,sucrose,10
2022_06_10_abb12,lick_05,1089734,1089266,81,spout05,17,468,abb,2,6/10/2022,sucrose10,sucrose,10
2022_06_10_abb12,lick_05,1089835,1089266,81,spout05,17,569,abb,2,6/10/2022,sucrose10,sucrose,10
2022_06_10_abb12,lick_05,1089961,1089266,81,spout05,17,695,abb,2,6/10/2022,sucrose10,sucrose,10
2022_06_10_abb12,lick_03,1104551,1104313,82,spout03,17,238,abb,2,6/10/2022,sucrose00,sucrose,0
2022_06_10_abb12,lick_03,1104752,1104313,82,spout03,17,439,abb,2,6/10/2022,sucrose00,sucrose,0
2022_06_10_abb12,lick_03,1104880,1104313,82,spout03,17,567,abb,2,6/10/2022,sucrose00,sucrose,0
2022_06_10_abb12,lick_05,1117908,1117675,83,spout05,18,233,abb,2,6/10/2022,sucrose10,sucrose,10
2022_06_10_abb12,lick_05,1118024,1117675,83,spout05,18,349,abb,2,6/10/2022,sucrose10,sucrose,10
2022_06_10_abb12,lick_05,1118137,1117675,83,spout05,18,462,abb,2,6/10/2022,sucrose10,sucrose,10
2022_06_10_abb12,lick_05,1118257,1117675,83,spout05,18,582,abb,2,6/10/2022,sucrose10,sucrose,10
2022_06_10_abb12,lick_05,1118368,1117675,83,spout05,18,693,abb,2,6/10/2022,sucrose10,sucrose,10
2022_06_10_abb12,lick_05,1118492,1117675,83,spout05,18,817,abb,2,6/10/2022,sucrose10,sucrose,10
2022_06_10_abb12,lick_05,1118724,1117675,83,spout05,18,1049,abb,2,6/10/2022,sucrose10,sucrose,10
2022_06_10_abb12,lick_05,1118967,1117675,83,spout05,18,1292,abb,2,6/10/2022,sucrose10,sucrose,10
2022_06_10_abb12,lick_05,1119102,1117675,83,spout05,18,1427,abb,2,6/10/2022,sucrose10,sucrose,10
2022_06_10_abb12,lick_05,1119215,1117675,83,spout05,18,1540,abb,2,6/10/2022,sucrose10,sucrose,10
2022_06_10_abb12,lick_05,1119353,1117675,83,spout05,18,1678,abb,2,6/10/2022,sucrose10,sucrose,10
2022_06_10_abb12,lick_05,1119481,1117675,83,spout05,18,1806,abb,2,6/10/2022,sucrose10,sucrose,10
2022_06_10_abb12,lick_05,1119697,1117675,83,spout05,18,2022,abb,2,6/10/2022,sucrose10,sucrose,10
2022_06_10_abb12,lick_05,1120466,1117675,83,spout05,18,2791,abb,2,6/10/2022,sucrose10,sucrose,10
2022_06_10_abb12,lick_05,1120602,1117675,83,spout05,18,2927,abb,2,6/10/2022,sucrose10,sucrose,10
2022_06_10_abb12,lick_04,1129269,1129011,84,spout04,17,258,abb,2,6/10/2022,sucrose30,sucrose,30
2022_06_10_abb12,lick_04,1129408,1129011,84,spout04,17,397,abb,2,6/10/2022,sucrose30,sucrose,30
2022_06_10_abb12,lick_04,1129543,1129011,84,spout04,17,532,abb,2,6/10/2022,sucrose30,sucrose,30
2022_06_10_abb12,lick_04,1129648,1129011,84,spout04,17,637,abb,2,6/10/2022,sucrose30,sucrose,30
2022_06_10_abb12,lick_04,1129815,1129011,84,spout04,17,804,abb,2,6/10/2022,sucrose30,sucrose,30
2022_06_10_abb12,lick_04,1129942,1129011,84,spout04,17,931,abb,2,6/10/2022,sucrose30,sucrose,30
2022_06_10_abb12,lick_04,1130046,1129011,84,spout04,17,1035,abb,2,6/10/2022,sucrose30,sucrose,30
2022_06_10_abb12,lick_04,1130177,1129011,84,spout04,17,1166,abb,2,6/10/2022,sucrose30,sucrose,30
2022_06_10_abb12,lick_04,1130309,1129011,84,spout04,17,1298,abb,2,6/10/2022,sucrose30,sucrose,30
2022_06_10_abb12,lick_04,1130447,1129011,84,spout04,17,1436,abb,2,6/10/2022,sucrose30,sucrose,30
2022_06_10_abb12,lick_04,1130475,1129011,84,spout04,17,1464,abb,2,6/10/2022,sucrose30,sucrose,30
2022_06_10_abb12,lick_04,1130587,1129011,84,spout04,17,1576,abb,2,6/10/2022,sucrose30,sucrose,30
2022_06_10_abb12,lick_04,1130715,1129011,84,spout04,17,1704,abb,2,6/10/2022,sucrose30,sucrose,30
2022_06_10_abb12,lick_04,1130849,1129011,84,spout04,17,1838,abb,2,6/10/2022,sucrose30,sucrose,30
2022_06_10_abb12,lick_04,1130981,1129011,84,spout04,17,1970,abb,2,6/10/2022,sucrose30,sucrose,30
2022_06_10_abb12,lick_04,1131124,1129011,84,spout04,17,2113,abb,2,6/10/2022,sucrose30,sucrose,30
2022_06_10_abb12,lick_04,1131255,1129011,84,spout04,17,2244,abb,2,6/10/2022,sucrose30,sucrose,30
2022_06_10_abb12,lick_04,1131428,1129011,84,spout04,17,2417,abb,2,6/10/2022,sucrose30,sucrose,30
2022_06_10_abb12,lick_04,1131549,1129011,84,spout04,17,2538,abb,2,6/10/2022,sucrose30,sucrose,30
2022_06_10_abb12,lick_04,1131687,1129011,84,spout04,17,2676,abb,2,6/10/2022,sucrose30,sucrose,30
2022_06_10_abb12,lick_04,1131828,1129011,84,spout04,17,2817,abb,2,6/10/2022,sucrose30,sucrose,30
2022_06_10_abb12,lick_04,1131966,1129011,84,spout04,17,2955,abb,2,6/10/2022,sucrose30,sucrose,30
2022_06_10_abb12,lick_02,1143133,1142857,85,spout02,17,276,abb,2,6/10/2022,sucrose20,sucrose,20
2022_06_10_abb12,lick_02,1143380,1142857,85,spout02,17,523,abb,2,6/10/2022,sucrose20,sucrose,20
2022_06_10_abb12,lick_02,1143612,1142857,85,spout02,17,755,abb,2,6/10/2022,sucrose20,sucrose,20
2022_06_10_abb12,lick_02,1143725,1142857,85,spout02,17,868,abb,2,6/10/2022,sucrose20,sucrose,20
2022_06_10_abb12,lick_02,1143984,1142857,85,spout02,17,1127,abb,2,6/10/2022,sucrose20,sucrose,20
2022_06_10_abb12,lick_02,1144103,1142857,85,spout02,17,1246,abb,2,6/10/2022,sucrose20,sucrose,20
2022_06_10_abb12,lick_02,1144222,1142857,85,spout02,17,1365,abb,2,6/10/2022,sucrose20,sucrose,20
2022_06_10_abb12,lick_02,1144463,1142857,85,spout02,17,1606,abb,2,6/10/2022,sucrose20,sucrose,20
2022_06_10_abb12,lick_02,1144710,1142857,85,spout02,17,1853,abb,2,6/10/2022,sucrose20,sucrose,20
2022_06_10_abb12,lick_02,1144834,1142857,85,spout02,17,1977,abb,2,6/10/2022,sucrose20,sucrose,20
2022_06_10_abb12,lick_02,1144956,1142857,85,spout02,17,2099,abb,2,6/10/2022,sucrose20,sucrose,20
2022_06_10_abb12,lick_02,1145200,1142857,85,spout02,17,2343,abb,2,6/10/2022,sucrose20,sucrose,20
2022_06_10_abb12,lick_02,1145579,1142857,85,spout02,17,2722,abb,2,6/10/2022,sucrose20,sucrose,20
2022_06_10_abb12,lick_02,1145852,1142857,85,spout02,17,2995,abb,2,6/10/2022,sucrose20,sucrose,20
2022_06_10_abb12,lick,1158904,1158599,86,spout01,17,305,abb,2,6/10/2022,sucrose05,sucrose,5
2022_06_10_abb12,lick,1159041,1158599,86,spout01,17,442,abb,2,6/10/2022,sucrose05,sucrose,5
2022_06_10_abb12,lick,1159156,1158599,86,spout01,17,557,abb,2,6/10/2022,sucrose05,sucrose,5
2022_06_10_abb12,lick,1159265,1158599,86,spout01,17,666,abb,2,6/10/2022,sucrose05,sucrose,5
2022_06_10_abb12,lick_04,1173548,1173340,87,spout04,18,208,abb,2,6/10/2022,sucrose30,sucrose,30
2022_06_10_abb12,lick_04,1173702,1173340,87,spout04,18,362,abb,2,6/10/2022,sucrose30,sucrose,30
2022_06_10_abb12,lick_04,1173794,1173340,87,spout04,18,454,abb,2,6/10/2022,sucrose30,sucrose,30
2022_06_10_abb12,lick_04,1173965,1173340,87,spout04,18,625,abb,2,6/10/2022,sucrose30,sucrose,30
2022_06_10_abb12,lick_04,1174066,1173340,87,spout04,18,726,abb,2,6/10/2022,sucrose30,sucrose,30
2022_06_10_abb12,lick_04,1174193,1173340,87,spout04,18,853,abb,2,6/10/2022,sucrose30,sucrose,30
2022_06_10_abb12,lick_04,1174328,1173340,87,spout04,18,988,abb,2,6/10/2022,sucrose30,sucrose,30
2022_06_10_abb12,lick_04,1174460,1173340,87,spout04,18,1120,abb,2,6/10/2022,sucrose30,sucrose,30
2022_06_10_abb12,lick_04,1174598,1173340,87,spout04,18,1258,abb,2,6/10/2022,sucrose30,sucrose,30
2022_06_10_abb12,lick_04,1174733,1173340,87,spout04,18,1393,abb,2,6/10/2022,sucrose30,sucrose,30
2022_06_10_abb12,lick_04,1174877,1173340,87,spout04,18,1537,abb,2,6/10/2022,sucrose30,sucrose,30
2022_06_10_abb12,lick_04,1175016,1173340,87,spout04,18,1676,abb,2,6/10/2022,sucrose30,sucrose,30
2022_06_10_abb12,lick_04,1175186,1173340,87,spout04,18,1846,abb,2,6/10/2022,sucrose30,sucrose,30
2022_06_10_abb12,lick_04,1175309,1173340,87,spout04,18,1969,abb,2,6/10/2022,sucrose30,sucrose,30
2022_06_10_abb12,lick_04,1175476,1173340,87,spout04,18,2136,abb,2,6/10/2022,sucrose30,sucrose,30
2022_06_10_abb12,lick_04,1175611,1173340,87,spout04,18,2271,abb,2,6/10/2022,sucrose30,sucrose,30
2022_06_10_abb12,lick_04,1175757,1173340,87,spout04,18,2417,abb,2,6/10/2022,sucrose30,sucrose,30
2022_06_10_abb12,lick_04,1175892,1173340,87,spout04,18,2552,abb,2,6/10/2022,sucrose30,sucrose,30
2022_06_10_abb12,lick_04,1176028,1173340,87,spout04,18,2688,abb,2,6/10/2022,sucrose30,sucrose,30
2022_06_10_abb12,lick_04,1176171,1173340,87,spout04,18,2831,abb,2,6/10/2022,sucrose30,sucrose,30
2022_06_10_abb12,lick_04,1176309,1173340,87,spout04,18,2969,abb,2,6/10/2022,sucrose30,sucrose,30
2022_06_10_abb12,lick,1188265,1188032,88,spout01,18,233,abb,2,6/10/2022,sucrose05,sucrose,5
2022_06_10_abb12,lick,1188385,1188032,88,spout01,18,353,abb,2,6/10/2022,sucrose05,sucrose,5
2022_06_10_abb12,lick,1188605,1188032,88,spout01,18,573,abb,2,6/10/2022,sucrose05,sucrose,5
2022_06_10_abb12,lick_02,1203589,1203223,89,spout02,18,366,abb,2,6/10/2022,sucrose20,sucrose,20
2022_06_10_abb12,lick_02,1203937,1203223,89,spout02,18,714,abb,2,6/10/2022,sucrose20,sucrose,20
2022_06_10_abb12,lick_02,1204057,1203223,89,spout02,18,834,abb,2,6/10/2022,sucrose20,sucrose,20
2022_06_10_abb12,lick_02,1204180,1203223,89,spout02,18,957,abb,2,6/10/2022,sucrose20,sucrose,20
2022_06_10_abb12,lick_02,1204292,1203223,89,spout02,18,1069,abb,2,6/10/2022,sucrose20,sucrose,20
2022_06_10_abb12,lick_02,1204405,1203223,89,spout02,18,1182,abb,2,6/10/2022,sucrose20,sucrose,20
2022_06_10_abb12,lick_02,1204520,1203223,89,spout02,18,1297,abb,2,6/10/2022,sucrose20,sucrose,20
2022_06_10_abb12,lick_02,1204899,1203223,89,spout02,18,1676,abb,2,6/10/2022,sucrose20,sucrose,20
2022_06_10_abb12,lick_02,1205022,1203223,89,spout02,18,1799,abb,2,6/10/2022,sucrose20,sucrose,20
2022_06_10_abb12,lick_02,1205146,1203223,89,spout02,18,1923,abb,2,6/10/2022,sucrose20,sucrose,20
2022_06_10_abb12,lick_02,1205274,1203223,89,spout02,18,2051,abb,2,6/10/2022,sucrose20,sucrose,20
2022_06_10_abb12,lick_02,1205536,1203223,89,spout02,18,2313,abb,2,6/10/2022,sucrose20,sucrose,20
2022_06_10_abb12,lick_02,1205915,1203223,89,spout02,18,2692,abb,2,6/10/2022,sucrose20,sucrose,20
2022_06_10_abb12,lick_03,1216974,1216762,90,spout03,18,212,abb,2,6/10/2022,sucrose00,sucrose,0
2022_06_10_abb12,lick_03,1217117,1216762,90,spout03,18,355,abb,2,6/10/2022,sucrose00,sucrose,0
2022_06_10_abb12,lick_03,1218383,1216762,90,spout03,18,1621,abb,2,6/10/2022,sucrose00,sucrose,0
2022_06_10_abb12,lick_02,1228503,1228383,91,spout02,19,120,abb,2,6/10/2022,sucrose20,sucrose,20
2022_06_10_abb12,lick_02,1228823,1228383,91,spout02,19,440,abb,2,6/10/2022,sucrose20,sucrose,20
2022_06_10_abb12,lick_02,1229012,1228383,91,spout02,19,629,abb,2,6/10/2022,sucrose20,sucrose,20
2022_06_10_abb12,lick_02,1229352,1228383,91,spout02,19,969,abb,2,6/10/2022,sucrose20,sucrose,20
2022_06_10_abb12,lick_02,1229581,1228383,91,spout02,19,1198,abb,2,6/10/2022,sucrose20,sucrose,20
2022_06_10_abb12,lick_02,1229712,1228383,91,spout02,19,1329,abb,2,6/10/2022,sucrose20,sucrose,20
2022_06_10_abb12,lick_02,1229828,1228383,91,spout02,19,1445,abb,2,6/10/2022,sucrose20,sucrose,20
2022_06_10_abb12,lick_02,1230071,1228383,91,spout02,19,1688,abb,2,6/10/2022,sucrose20,sucrose,20
2022_06_10_abb12,lick_02,1230310,1228383,91,spout02,19,1927,abb,2,6/10/2022,sucrose20,sucrose,20
2022_06_10_abb12,lick_02,1230561,1228383,91,spout02,19,2178,abb,2,6/10/2022,sucrose20,sucrose,20
2022_06_10_abb12,lick_02,1230689,1228383,91,spout02,19,2306,abb,2,6/10/2022,sucrose20,sucrose,20
2022_06_10_abb12,lick_02,1231087,1228383,91,spout02,19,2704,abb,2,6/10/2022,sucrose20,sucrose,20
2022_06_10_abb12,lick_02,1231226,1228383,91,spout02,19,2843,abb,2,6/10/2022,sucrose20,sucrose,20
2022_06_10_abb12,lick_03,1256403,1256150,93,spout03,19,253,abb,2,6/10/2022,sucrose00,sucrose,0
2022_06_10_abb12,lick_03,1256621,1256150,93,spout03,19,471,abb,2,6/10/2022,sucrose00,sucrose,0
2022_06_10_abb12,lick_04,1269690,1269421,94,spout04,19,269,abb,2,6/10/2022,sucrose30,sucrose,30
2022_06_10_abb12,lick_04,1269806,1269421,94,spout04,19,385,abb,2,6/10/2022,sucrose30,sucrose,30
2022_06_10_abb12,lick_04,1269934,1269421,94,spout04,19,513,abb,2,6/10/2022,sucrose30,sucrose,30
2022_06_10_abb12,lick_04,1270049,1269421,94,spout04,19,628,abb,2,6/10/2022,sucrose30,sucrose,30
2022_06_10_abb12,lick_04,1270188,1269421,94,spout04,19,767,abb,2,6/10/2022,sucrose30,sucrose,30
2022_06_10_abb12,lick_04,1270311,1269421,94,spout04,19,890,abb,2,6/10/2022,sucrose30,sucrose,30
2022_06_10_abb12,lick_04,1270412,1269421,94,spout04,19,991,abb,2,6/10/2022,sucrose30,sucrose,30
2022_06_10_abb12,lick_04,1270536,1269421,94,spout04,19,1115,abb,2,6/10/2022,sucrose30,sucrose,30
2022_06_10_abb12,lick_04,1270656,1269421,94,spout04,19,1235,abb,2,6/10/2022,sucrose30,sucrose,30
2022_06_10_abb12,lick_04,1270787,1269421,94,spout04,19,1366,abb,2,6/10/2022,sucrose30,sucrose,30
2022_06_10_abb12,lick_04,1270915,1269421,94,spout04,19,1494,abb,2,6/10/2022,sucrose30,sucrose,30
2022_06_10_abb12,lick_04,1271043,1269421,94,spout04,19,1622,abb,2,6/10/2022,sucrose30,sucrose,30
2022_06_10_abb12,lick_04,1271165,1269421,94,spout04,19,1744,abb,2,6/10/2022,sucrose30,sucrose,30
2022_06_10_abb12,lick_04,1271297,1269421,94,spout04,19,1876,abb,2,6/10/2022,sucrose30,sucrose,30
2022_06_10_abb12,lick_04,1271448,1269421,94,spout04,19,2027,abb,2,6/10/2022,sucrose30,sucrose,30
2022_06_10_abb12,lick_04,1271957,1269421,94,spout04,19,2536,abb,2,6/10/2022,sucrose30,sucrose,30
2022_06_10_abb12,lick_04,1272162,1269421,94,spout04,19,2741,abb,2,6/10/2022,sucrose30,sucrose,30
2022_06_10_abb12,lick_04,1272290,1269421,94,spout04,19,2869,abb,2,6/10/2022,sucrose30,sucrose,30
2022_06_10_abb12,lick_04,1305269,1305057,97,spout04,20,212,abb,2,6/10/2022,sucrose30,sucrose,30
2022_06_10_abb12,lick_04,1305423,1305057,97,spout04,20,366,abb,2,6/10/2022,sucrose30,sucrose,30
2022_06_10_abb12,lick_04,1305520,1305057,97,spout04,20,463,abb,2,6/10/2022,sucrose30,sucrose,30
2022_06_10_abb12,lick_04,1305655,1305057,97,spout04,20,598,abb,2,6/10/2022,sucrose30,sucrose,30
2022_06_10_abb12,lick_04,1305763,1305057,97,spout04,20,706,abb,2,6/10/2022,sucrose30,sucrose,30
2022_06_10_abb12,lick_04,1305914,1305057,97,spout04,20,857,abb,2,6/10/2022,sucrose30,sucrose,30
2022_06_10_abb12,lick_04,1306010,1305057,97,spout04,20,953,abb,2,6/10/2022,sucrose30,sucrose,30
2022_06_10_abb12,lick_04,1306134,1305057,97,spout04,20,1077,abb,2,6/10/2022,sucrose30,sucrose,30
2022_06_10_abb12,lick_04,1306258,1305057,97,spout04,20,1201,abb,2,6/10/2022,sucrose30,sucrose,30
2022_06_10_abb12,lick_04,1306385,1305057,97,spout04,20,1328,abb,2,6/10/2022,sucrose30,sucrose,30
2022_06_10_abb12,lick_04,1306517,1305057,97,spout04,20,1460,abb,2,6/10/2022,sucrose30,sucrose,30
2022_06_10_abb12,lick_04,1306663,1305057,97,spout04,20,1606,abb,2,6/10/2022,sucrose30,sucrose,30
2022_06_10_abb12,lick_04,1306787,1305057,97,spout04,20,1730,abb,2,6/10/2022,sucrose30,sucrose,30
2022_06_10_abb12,lick_04,1306918,1305057,97,spout04,20,1861,abb,2,6/10/2022,sucrose30,sucrose,30
2022_06_10_abb12,lick_04,1307054,1305057,97,spout04,20,1997,abb,2,6/10/2022,sucrose30,sucrose,30
2022_06_10_abb12,lick_04,1307177,1305057,97,spout04,20,2120,abb,2,6/10/2022,sucrose30,sucrose,30
2022_06_10_abb12,lick_04,1307309,1305057,97,spout04,20,2252,abb,2,6/10/2022,sucrose30,sucrose,30
2022_06_10_abb12,lick_04,1307452,1305057,97,spout04,20,2395,abb,2,6/10/2022,sucrose30,sucrose,30
2022_06_10_abb12,lick_04,1307583,1305057,97,spout04,20,2526,abb,2,6/10/2022,sucrose30,sucrose,30
2022_06_10_abb12,lick_04,1307718,1305057,97,spout04,20,2661,abb,2,6/10/2022,sucrose30,sucrose,30
2022_06_10_abb12,lick_04,1307845,1305057,97,spout04,20,2788,abb,2,6/10/2022,sucrose30,sucrose,30
2022_06_10_abb12,lick_04,1307977,1305057,97,spout04,20,2920,abb,2,6/10/2022,sucrose30,sucrose,30
2022_06_10_abb12,lick_05,1318413,1318187,98,spout05,20,226,abb,2,6/10/2022,sucrose10,sucrose,10
2022_06_10_abb12,lick_05,1318533,1318187,98,spout05,20,346,abb,2,6/10/2022,sucrose10,sucrose,10
2022_06_10_abb12,lick_05,1318633,1318187,98,spout05,20,446,abb,2,6/10/2022,sucrose10,sucrose,10
2022_06_10_abb12,lick_05,1318788,1318187,98,spout05,20,601,abb,2,6/10/2022,sucrose10,sucrose,10
2022_06_10_abb12,lick_05,1318904,1318187,98,spout05,20,717,abb,2,6/10/2022,sucrose10,sucrose,10
2022_06_10_abb12,lick_02,1332935,1332456,99,spout02,20,479,abb,2,6/10/2022,sucrose20,sucrose,20
2022_06_10_abb12,lick_02,1333267,1332456,99,spout02,20,811,abb,2,6/10/2022,sucrose20,sucrose,20
2022_06_10_abb12,lick_02,1333410,1332456,99,spout02,20,954,abb,2,6/10/2022,sucrose20,sucrose,20
2022_06_10_abb12,lick_02,1333530,1332456,99,spout02,20,1074,abb,2,6/10/2022,sucrose20,sucrose,20
2022_06_10_abb12,lick_02,1333646,1332456,99,spout02,20,1190,abb,2,6/10/2022,sucrose20,sucrose,20
2022_06_10_abb12,lick_02,1333766,1332456,99,spout02,20,1310,abb,2,6/10/2022,sucrose20,sucrose,20
2022_06_10_abb12,lick_02,1333881,1332456,99,spout02,20,1425,abb,2,6/10/2022,sucrose20,sucrose,20
2022_06_10_abb12,lick_02,1334125,1332456,99,spout02,20,1669,abb,2,6/10/2022,sucrose20,sucrose,20
2022_06_10_abb12,lick_02,1334500,1332456,99,spout02,20,2044,abb,2,6/10/2022,sucrose20,sucrose,20
2022_06_10_abb12,lick_02,1334743,1332456,99,spout02,20,2287,abb,2,6/10/2022,sucrose20,sucrose,20
2022_06_10_abb12,lick_02,1334986,1332456,99,spout02,20,2530,abb,2,6/10/2022,sucrose20,sucrose,20
2022_06_10_abb12,lick_02,1335230,1332456,99,spout02,20,2774,abb,2,6/10/2022,sucrose20,sucrose,20
