blockname,trial_num,time_bin,count_binned,trial_start_ts,spout,trial_num_tastant,time_bin_width,experiment,cohort,date,solution,solution_type,solution_value
2022_05_06_abb04,1,0,0,10852,spout05,1,100,abb,1,5/6/2022,sucrose10,sucrose,10
2022_05_06_abb04,1,100,1,10852,spout05,1,100,abb,1,5/6/2022,sucrose10,sucrose,10
2022_05_06_abb04,1,200,1,10852,spout05,1,100,abb,1,5/6/2022,sucrose10,sucrose,10
2022_05_06_abb04,1,300,0,10852,spout05,1,100,abb,1,5/6/2022,sucrose10,sucrose,10
2022_05_06_abb04,1,400,1,10852,spout05,1,100,abb,1,5/6/2022,sucrose10,sucrose,10
2022_05_06_abb04,1,500,1,10852,spout05,1,100,abb,1,5/6/2022,sucrose10,sucrose,10
2022_05_06_abb04,1,600,1,10852,spout05,1,100,abb,1,5/6/2022,sucrose10,sucrose,10
2022_05_06_abb04,1,700,0,10852,spout05,1,100,abb,1,5/6/2022,sucrose10,sucrose,10
2022_05_06_abb04,1,800,1,10852,spout05,1,100,abb,1,5/6/2022,sucrose10,sucrose,10
2022_05_06_abb04,1,900,1,10852,spout05,1,100,abb,1,5/6/2022,sucrose10,sucrose,10
2022_05_06_abb04,1,1000,1,10852,spout05,1,100,abb,1,5/6/2022,sucrose10,sucrose,10
2022_05_06_abb04,1,1100,0,10852,spout05,1,100,abb,1,5/6/2022,sucrose10,sucrose,10
2022_05_06_abb04,1,1200,1,10852,spout05,1,100,abb,1,5/6/2022,sucrose10,sucrose,10
2022_05_06_abb04,1,1300,1,10852,spout05,1,100,abb,1,5/6/2022,sucrose10,sucrose,10
2022_05_06_abb04,1,1400,1,10852,spout05,1,100,abb,1,5/6/2022,sucrose10,sucrose,10
2022_05_06_abb04,1,1500,0,10852,spout05,1,100,abb,1,5/6/2022,sucrose10,sucrose,10
2022_05_06_abb04,1,1600,1,10852,spout05,1,100,abb,1,5/6/2022,sucrose10,sucrose,10
2022_05_06_abb04,1,1700,1,10852,spout05,1,100,abb,1,5/6/2022,sucrose10,sucrose,10
2022_05_06_abb04,1,1800,1,10852,spout05,1,100,abb,1,5/6/2022,sucrose10,sucrose,10
2022_05_06_abb04,1,1900,0,10852,spout05,1,100,abb,1,5/6/2022,sucrose10,sucrose,10
2022_05_06_abb04,1,2000,1,10852,spout05,1,100,abb,1,5/6/2022,sucrose10,sucrose,10
2022_05_06_abb04,1,2100,1,10852,spout05,1,100,abb,1,5/6/2022,sucrose10,sucrose,10
2022_05_06_abb04,1,2200,0,10852,spout05,1,100,abb,1,5/6/2022,sucrose10,sucrose,10
2022_05_06_abb04,1,2300,1,10852,spout05,1,100,abb,1,5/6/2022,sucrose10,sucrose,10
2022_05_06_abb04,1,2400,1,10852,spout05,1,100,abb,1,5/6/2022,sucrose10,sucrose,10
2022_05_06_abb04,1,2500,0,10852,spout05,1,100,abb,1,5/6/2022,sucrose10,sucrose,10
2022_05_06_abb04,1,2600,1,10852,spout05,1,100,abb,1,5/6/2022,sucrose10,sucrose,10
2022_05_06_abb04,1,2700,1,10852,spout05,1,100,abb,1,5/6/2022,sucrose10,sucrose,10
2022_05_06_abb04,1,2800,1,10852,spout05,1,100,abb,1,5/6/2022,sucrose10,sucrose,10
2022_05_06_abb04,1,2900,0,10852,spout05,1,100,abb,1,5/6/2022,sucrose10,sucrose,10
2022_05_06_abb04,2,0,0,22537,spout04,1,100,abb,1,5/6/2022,sucrose30,sucrose,30
2022_05_06_abb04,2,100,1,22537,spout04,1,100,abb,1,5/6/2022,sucrose30,sucrose,30
2022_05_06_abb04,2,200,1,22537,spout04,1,100,abb,1,5/6/2022,sucrose30,sucrose,30
2022_05_06_abb04,2,300,1,22537,spout04,1,100,abb,1,5/6/2022,sucrose30,sucrose,30
2022_05_06_abb04,2,400,1,22537,spout04,1,100,abb,1,5/6/2022,sucrose30,sucrose,30
2022_05_06_abb04,2,500,0,22537,spout04,1,100,abb,1,5/6/2022,sucrose30,sucrose,30
2022_05_06_abb04,2,600,1,22537,spout04,1,100,abb,1,5/6/2022,sucrose30,sucrose,30
2022_05_06_abb04,2,700,1,22537,spout04,1,100,abb,1,5/6/2022,sucrose30,sucrose,30
2022_05_06_abb04,2,800,0,22537,spout04,1,100,abb,1,5/6/2022,sucrose30,sucrose,30
2022_05_06_abb04,2,900,1,22537,spout04,1,100,abb,1,5/6/2022,sucrose30,sucrose,30
2022_05_06_abb04,2,1000,1,22537,spout04,1,100,abb,1,5/6/2022,sucrose30,sucrose,30
2022_05_06_abb04,2,1100,1,22537,spout04,1,100,abb,1,5/6/2022,sucrose30,sucrose,30
2022_05_06_abb04,2,1200,0,22537,spout04,1,100,abb,1,5/6/2022,sucrose30,sucrose,30
2022_05_06_abb04,2,1300,1,22537,spout04,1,100,abb,1,5/6/2022,sucrose30,sucrose,30
2022_05_06_abb04,2,1400,1,22537,spout04,1,100,abb,1,5/6/2022,sucrose30,sucrose,30
2022_05_06_abb04,2,1500,1,22537,spout04,1,100,abb,1,5/6/2022,sucrose30,sucrose,30
2022_05_06_abb04,2,1600,0,22537,spout04,1,100,abb,1,5/6/2022,sucrose30,sucrose,30
2022_05_06_abb04,2,1700,1,22537,spout04,1,100,abb,1,5/6/2022,sucrose30,sucrose,30
2022_05_06_abb04,2,1800,1,22537,spout04,1,100,abb,1,5/6/2022,sucrose30,sucrose,30
2022_05_06_abb04,2,1900,1,22537,spout04,1,100,abb,1,5/6/2022,sucrose30,sucrose,30
2022_05_06_abb04,2,2000,0,22537,spout04,1,100,abb,1,5/6/2022,sucrose30,sucrose,30
2022_05_06_abb04,2,2100,1,22537,spout04,1,100,abb,1,5/6/2022,sucrose30,sucrose,30
2022_05_06_abb04,2,2200,1,22537,spout04,1,100,abb,1,5/6/2022,sucrose30,sucrose,30
2022_05_06_abb04,2,2300,1,22537,spout04,1,100,abb,1,5/6/2022,sucrose30,sucrose,30
2022_05_06_abb04,2,2400,0,22537,spout04,1,100,abb,1,5/6/2022,sucrose30,sucrose,30
2022_05_06_abb04,2,2500,1,22537,spout04,1,100,abb,1,5/6/2022,sucrose30,sucrose,30
2022_05_06_abb04,2,2600,1,22537,spout04,1,100,abb,1,5/6/2022,sucrose30,sucrose,30
2022_05_06_abb04,2,2700,1,22537,spout04,1,100,abb,1,5/6/2022,sucrose30,sucrose,30
2022_05_06_abb04,2,2800,0,22537,spout04,1,100,abb,1,5/6/2022,sucrose30,sucrose,30
2022_05_06_abb04,2,2900,1,22537,spout04,1,100,abb,1,5/6/2022,sucrose30,sucrose,30
2022_05_06_abb04,3,0,0,35502,spout03,1,100,abb,1,5/6/2022,sucrose00,sucrose,0
2022_05_06_abb04,3,100,1,35502,spout03,1,100,abb,1,5/6/2022,sucrose00,sucrose,0
2022_05_06_abb04,3,200,1,35502,spout03,1,100,abb,1,5/6/2022,sucrose00,sucrose,0
2022_05_06_abb04,3,300,1,35502,spout03,1,100,abb,1,5/6/2022,sucrose00,sucrose,0
2022_05_06_abb04,3,400,1,35502,spout03,1,100,abb,1,5/6/2022,sucrose00,sucrose,0
2022_05_06_abb04,3,500,0,35502,spout03,1,100,abb,1,5/6/2022,sucrose00,sucrose,0
2022_05_06_abb04,3,600,1,35502,spout03,1,100,abb,1,5/6/2022,sucrose00,sucrose,0
2022_05_06_abb04,3,700,1,35502,spout03,1,100,abb,1,5/6/2022,sucrose00,sucrose,0
2022_05_06_abb04,3,800,0,35502,spout03,1,100,abb,1,5/6/2022,sucrose00,sucrose,0
2022_05_06_abb04,3,900,1,35502,spout03,1,100,abb,1,5/6/2022,sucrose00,sucrose,0
2022_05_06_abb04,3,1000,1,35502,spout03,1,100,abb,1,5/6/2022,sucrose00,sucrose,0
2022_05_06_abb04,3,1100,1,35502,spout03,1,100,abb,1,5/6/2022,sucrose00,sucrose,0
2022_05_06_abb04,3,1200,0,35502,spout03,1,100,abb,1,5/6/2022,sucrose00,sucrose,0
2022_05_06_abb04,3,1300,1,35502,spout03,1,100,abb,1,5/6/2022,sucrose00,sucrose,0
2022_05_06_abb04,3,1400,1,35502,spout03,1,100,abb,1,5/6/2022,sucrose00,sucrose,0
2022_05_06_abb04,3,1500,0,35502,spout03,1,100,abb,1,5/6/2022,sucrose00,sucrose,0
2022_05_06_abb04,3,1600,1,35502,spout03,1,100,abb,1,5/6/2022,sucrose00,sucrose,0
2022_05_06_abb04,3,1700,1,35502,spout03,1,100,abb,1,5/6/2022,sucrose00,sucrose,0
2022_05_06_abb04,3,1800,1,35502,spout03,1,100,abb,1,5/6/2022,sucrose00,sucrose,0
2022_05_06_abb04,3,1900,0,35502,spout03,1,100,abb,1,5/6/2022,sucrose00,sucrose,0
2022_05_06_abb04,3,2000,1,35502,spout03,1,100,abb,1,5/6/2022,sucrose00,sucrose,0
2022_05_06_abb04,3,2100,1,35502,spout03,1,100,abb,1,5/6/2022,sucrose00,sucrose,0
2022_05_06_abb04,3,2200,0,35502,spout03,1,100,abb,1,5/6/2022,sucrose00,sucrose,0
2022_05_06_abb04,3,2300,1,35502,spout03,1,100,abb,1,5/6/2022,sucrose00,sucrose,0
2022_05_06_abb04,3,2400,0,35502,spout03,1,100,abb,1,5/6/2022,sucrose00,sucrose,0
2022_05_06_abb04,3,2500,1,35502,spout03,1,100,abb,1,5/6/2022,sucrose00,sucrose,0
2022_05_06_abb04,3,2600,0,35502,spout03,1,100,abb,1,5/6/2022,sucrose00,sucrose,0
2022_05_06_abb04,3,2700,1,35502,spout03,1,100,abb,1,5/6/2022,sucrose00,sucrose,0
2022_05_06_abb04,3,2800,1,35502,spout03,1,100,abb,1,5/6/2022,sucrose00,sucrose,0
2022_05_06_abb04,3,2900,1,35502,spout03,1,100,abb,1,5/6/2022,sucrose00,sucrose,0
2022_05_06_abb04,4,0,0,50637,spout03,2,100,abb,1,5/6/2022,sucrose00,sucrose,0
2022_05_06_abb04,4,100,1,50637,spout03,2,100,abb,1,5/6/2022,sucrose00,sucrose,0
2022_05_06_abb04,4,200,1,50637,spout03,2,100,abb,1,5/6/2022,sucrose00,sucrose,0
2022_05_06_abb04,4,300,1,50637,spout03,2,100,abb,1,5/6/2022,sucrose00,sucrose,0
2022_05_06_abb04,4,400,0,50637,spout03,2,100,abb,1,5/6/2022,sucrose00,sucrose,0
2022_05_06_abb04,4,500,1,50637,spout03,2,100,abb,1,5/6/2022,sucrose00,sucrose,0
2022_05_06_abb04,4,600,1,50637,spout03,2,100,abb,1,5/6/2022,sucrose00,sucrose,0
2022_05_06_abb04,4,700,0,50637,spout03,2,100,abb,1,5/6/2022,sucrose00,sucrose,0
2022_05_06_abb04,4,800,1,50637,spout03,2,100,abb,1,5/6/2022,sucrose00,sucrose,0
2022_05_06_abb04,4,900,1,50637,spout03,2,100,abb,1,5/6/2022,sucrose00,sucrose,0
2022_05_06_abb04,4,1000,1,50637,spout03,2,100,abb,1,5/6/2022,sucrose00,sucrose,0
2022_05_06_abb04,4,1100,0,50637,spout03,2,100,abb,1,5/6/2022,sucrose00,sucrose,0
2022_05_06_abb04,4,1200,1,50637,spout03,2,100,abb,1,5/6/2022,sucrose00,sucrose,0
2022_05_06_abb04,4,1300,1,50637,spout03,2,100,abb,1,5/6/2022,sucrose00,sucrose,0
2022_05_06_abb04,4,1400,1,50637,spout03,2,100,abb,1,5/6/2022,sucrose00,sucrose,0
2022_05_06_abb04,4,1500,0,50637,spout03,2,100,abb,1,5/6/2022,sucrose00,sucrose,0
2022_05_06_abb04,4,1600,1,50637,spout03,2,100,abb,1,5/6/2022,sucrose00,sucrose,0
2022_05_06_abb04,4,1700,1,50637,spout03,2,100,abb,1,5/6/2022,sucrose00,sucrose,0
2022_05_06_abb04,4,1800,0,50637,spout03,2,100,abb,1,5/6/2022,sucrose00,sucrose,0
2022_05_06_abb04,4,1900,1,50637,spout03,2,100,abb,1,5/6/2022,sucrose00,sucrose,0
2022_05_06_abb04,4,2000,0,50637,spout03,2,100,abb,1,5/6/2022,sucrose00,sucrose,0
2022_05_06_abb04,4,2100,1,50637,spout03,2,100,abb,1,5/6/2022,sucrose00,sucrose,0
2022_05_06_abb04,4,2200,0,50637,spout03,2,100,abb,1,5/6/2022,sucrose00,sucrose,0
2022_05_06_abb04,4,2300,1,50637,spout03,2,100,abb,1,5/6/2022,sucrose00,sucrose,0
2022_05_06_abb04,4,2400,0,50637,spout03,2,100,abb,1,5/6/2022,sucrose00,sucrose,0
2022_05_06_abb04,4,2500,0,50637,spout03,2,100,abb,1,5/6/2022,sucrose00,sucrose,0
2022_05_06_abb04,4,2600,1,50637,spout03,2,100,abb,1,5/6/2022,sucrose00,sucrose,0
2022_05_06_abb04,4,2700,1,50637,spout03,2,100,abb,1,5/6/2022,sucrose00,sucrose,0
2022_05_06_abb04,4,2800,0,50637,spout03,2,100,abb,1,5/6/2022,sucrose00,sucrose,0
2022_05_06_abb04,4,2900,1,50637,spout03,2,100,abb,1,5/6/2022,sucrose00,sucrose,0
2022_05_06_abb04,5,0,0,64013,spout02,1,100,abb,1,5/6/2022,sucrose20,sucrose,20
2022_05_06_abb04,5,100,0,64013,spout02,1,100,abb,1,5/6/2022,sucrose20,sucrose,20
2022_05_06_abb04,5,200,1,64013,spout02,1,100,abb,1,5/6/2022,sucrose20,sucrose,20
2022_05_06_abb04,5,300,1,64013,spout02,1,100,abb,1,5/6/2022,sucrose20,sucrose,20
2022_05_06_abb04,5,400,0,64013,spout02,1,100,abb,1,5/6/2022,sucrose20,sucrose,20
2022_05_06_abb04,5,500,1,64013,spout02,1,100,abb,1,5/6/2022,sucrose20,sucrose,20
2022_05_06_abb04,5,600,1,64013,spout02,1,100,abb,1,5/6/2022,sucrose20,sucrose,20
2022_05_06_abb04,5,700,1,64013,spout02,1,100,abb,1,5/6/2022,sucrose20,sucrose,20
2022_05_06_abb04,5,800,0,64013,spout02,1,100,abb,1,5/6/2022,sucrose20,sucrose,20
2022_05_06_abb04,5,900,1,64013,spout02,1,100,abb,1,5/6/2022,sucrose20,sucrose,20
2022_05_06_abb04,5,1000,1,64013,spout02,1,100,abb,1,5/6/2022,sucrose20,sucrose,20
2022_05_06_abb04,5,1100,1,64013,spout02,1,100,abb,1,5/6/2022,sucrose20,sucrose,20
2022_05_06_abb04,5,1200,0,64013,spout02,1,100,abb,1,5/6/2022,sucrose20,sucrose,20
2022_05_06_abb04,5,1300,1,64013,spout02,1,100,abb,1,5/6/2022,sucrose20,sucrose,20
2022_05_06_abb04,5,1400,1,64013,spout02,1,100,abb,1,5/6/2022,sucrose20,sucrose,20
2022_05_06_abb04,5,1500,0,64013,spout02,1,100,abb,1,5/6/2022,sucrose20,sucrose,20
2022_05_06_abb04,5,1600,1,64013,spout02,1,100,abb,1,5/6/2022,sucrose20,sucrose,20
2022_05_06_abb04,5,1700,1,64013,spout02,1,100,abb,1,5/6/2022,sucrose20,sucrose,20
2022_05_06_abb04,5,1800,1,64013,spout02,1,100,abb,1,5/6/2022,sucrose20,sucrose,20
2022_05_06_abb04,5,1900,0,64013,spout02,1,100,abb,1,5/6/2022,sucrose20,sucrose,20
2022_05_06_abb04,5,2000,1,64013,spout02,1,100,abb,1,5/6/2022,sucrose20,sucrose,20
2022_05_06_abb04,5,2100,1,64013,spout02,1,100,abb,1,5/6/2022,sucrose20,sucrose,20
2022_05_06_abb04,5,2200,1,64013,spout02,1,100,abb,1,5/6/2022,sucrose20,sucrose,20
2022_05_06_abb04,5,2300,0,64013,spout02,1,100,abb,1,5/6/2022,sucrose20,sucrose,20
2022_05_06_abb04,5,2400,1,64013,spout02,1,100,abb,1,5/6/2022,sucrose20,sucrose,20
2022_05_06_abb04,5,2500,1,64013,spout02,1,100,abb,1,5/6/2022,sucrose20,sucrose,20
2022_05_06_abb04,5,2600,0,64013,spout02,1,100,abb,1,5/6/2022,sucrose20,sucrose,20
2022_05_06_abb04,5,2700,1,64013,spout02,1,100,abb,1,5/6/2022,sucrose20,sucrose,20
2022_05_06_abb04,5,2800,1,64013,spout02,1,100,abb,1,5/6/2022,sucrose20,sucrose,20
2022_05_06_abb04,5,2900,1,64013,spout02,1,100,abb,1,5/6/2022,sucrose20,sucrose,20
2022_05_06_abb04,6,0,0,78140,spout04,2,100,abb,1,5/6/2022,sucrose30,sucrose,30
2022_05_06_abb04,6,100,1,78140,spout04,2,100,abb,1,5/6/2022,sucrose30,sucrose,30
2022_05_06_abb04,6,200,1,78140,spout04,2,100,abb,1,5/6/2022,sucrose30,sucrose,30
2022_05_06_abb04,6,300,1,78140,spout04,2,100,abb,1,5/6/2022,sucrose30,sucrose,30
2022_05_06_abb04,6,400,0,78140,spout04,2,100,abb,1,5/6/2022,sucrose30,sucrose,30
2022_05_06_abb04,6,500,1,78140,spout04,2,100,abb,1,5/6/2022,sucrose30,sucrose,30
2022_05_06_abb04,6,600,1,78140,spout04,2,100,abb,1,5/6/2022,sucrose30,sucrose,30
2022_05_06_abb04,6,700,1,78140,spout04,2,100,abb,1,5/6/2022,sucrose30,sucrose,30
2022_05_06_abb04,6,800,1,78140,spout04,2,100,abb,1,5/6/2022,sucrose30,sucrose,30
2022_05_06_abb04,6,900,0,78140,spout04,2,100,abb,1,5/6/2022,sucrose30,sucrose,30
2022_05_06_abb04,6,1000,1,78140,spout04,2,100,abb,1,5/6/2022,sucrose30,sucrose,30
2022_05_06_abb04,6,1100,1,78140,spout04,2,100,abb,1,5/6/2022,sucrose30,sucrose,30
2022_05_06_abb04,6,1200,1,78140,spout04,2,100,abb,1,5/6/2022,sucrose30,sucrose,30
2022_05_06_abb04,6,1300,0,78140,spout04,2,100,abb,1,5/6/2022,sucrose30,sucrose,30
2022_05_06_abb04,6,1400,1,78140,spout04,2,100,abb,1,5/6/2022,sucrose30,sucrose,30
2022_05_06_abb04,6,1500,1,78140,spout04,2,100,abb,1,5/6/2022,sucrose30,sucrose,30
2022_05_06_abb04,6,1600,1,78140,spout04,2,100,abb,1,5/6/2022,sucrose30,sucrose,30
2022_05_06_abb04,6,1700,0,78140,spout04,2,100,abb,1,5/6/2022,sucrose30,sucrose,30
2022_05_06_abb04,6,1800,1,78140,spout04,2,100,abb,1,5/6/2022,sucrose30,sucrose,30
2022_05_06_abb04,6,1900,1,78140,spout04,2,100,abb,1,5/6/2022,sucrose30,sucrose,30
2022_05_06_abb04,6,2000,1,78140,spout04,2,100,abb,1,5/6/2022,sucrose30,sucrose,30
2022_05_06_abb04,6,2100,0,78140,spout04,2,100,abb,1,5/6/2022,sucrose30,sucrose,30
2022_05_06_abb04,6,2200,1,78140,spout04,2,100,abb,1,5/6/2022,sucrose30,sucrose,30
2022_05_06_abb04,6,2300,1,78140,spout04,2,100,abb,1,5/6/2022,sucrose30,sucrose,30
2022_05_06_abb04,6,2400,1,78140,spout04,2,100,abb,1,5/6/2022,sucrose30,sucrose,30
2022_05_06_abb04,6,2500,0,78140,spout04,2,100,abb,1,5/6/2022,sucrose30,sucrose,30
2022_05_06_abb04,6,2600,1,78140,spout04,2,100,abb,1,5/6/2022,sucrose30,sucrose,30
2022_05_06_abb04,6,2700,1,78140,spout04,2,100,abb,1,5/6/2022,sucrose30,sucrose,30
2022_05_06_abb04,6,2800,0,78140,spout04,2,100,abb,1,5/6/2022,sucrose30,sucrose,30
2022_05_06_abb04,6,2900,1,78140,spout04,2,100,abb,1,5/6/2022,sucrose30,sucrose,30
2022_05_06_abb04,7,0,0,90384,spout05,2,100,abb,1,5/6/2022,sucrose10,sucrose,10
2022_05_06_abb04,7,100,1,90384,spout05,2,100,abb,1,5/6/2022,sucrose10,sucrose,10
2022_05_06_abb04,7,200,1,90384,spout05,2,100,abb,1,5/6/2022,sucrose10,sucrose,10
2022_05_06_abb04,7,300,1,90384,spout05,2,100,abb,1,5/6/2022,sucrose10,sucrose,10
2022_05_06_abb04,7,400,0,90384,spout05,2,100,abb,1,5/6/2022,sucrose10,sucrose,10
2022_05_06_abb04,7,500,1,90384,spout05,2,100,abb,1,5/6/2022,sucrose10,sucrose,10
2022_05_06_abb04,7,600,1,90384,spout05,2,100,abb,1,5/6/2022,sucrose10,sucrose,10
2022_05_06_abb04,7,700,1,90384,spout05,2,100,abb,1,5/6/2022,sucrose10,sucrose,10
2022_05_06_abb04,7,800,0,90384,spout05,2,100,abb,1,5/6/2022,sucrose10,sucrose,10
2022_05_06_abb04,7,900,1,90384,spout05,2,100,abb,1,5/6/2022,sucrose10,sucrose,10
2022_05_06_abb04,7,1000,1,90384,spout05,2,100,abb,1,5/6/2022,sucrose10,sucrose,10
2022_05_06_abb04,7,1100,0,90384,spout05,2,100,abb,1,5/6/2022,sucrose10,sucrose,10
2022_05_06_abb04,7,1200,1,90384,spout05,2,100,abb,1,5/6/2022,sucrose10,sucrose,10
2022_05_06_abb04,7,1300,1,90384,spout05,2,100,abb,1,5/6/2022,sucrose10,sucrose,10
2022_05_06_abb04,7,1400,1,90384,spout05,2,100,abb,1,5/6/2022,sucrose10,sucrose,10
2022_05_06_abb04,7,1500,0,90384,spout05,2,100,abb,1,5/6/2022,sucrose10,sucrose,10
2022_05_06_abb04,7,1600,1,90384,spout05,2,100,abb,1,5/6/2022,sucrose10,sucrose,10
2022_05_06_abb04,7,1700,1,90384,spout05,2,100,abb,1,5/6/2022,sucrose10,sucrose,10
2022_05_06_abb04,7,1800,1,90384,spout05,2,100,abb,1,5/6/2022,sucrose10,sucrose,10
2022_05_06_abb04,7,1900,0,90384,spout05,2,100,abb,1,5/6/2022,sucrose10,sucrose,10
2022_05_06_abb04,7,2000,1,90384,spout05,2,100,abb,1,5/6/2022,sucrose10,sucrose,10
2022_05_06_abb04,7,2100,1,90384,spout05,2,100,abb,1,5/6/2022,sucrose10,sucrose,10
2022_05_06_abb04,7,2200,1,90384,spout05,2,100,abb,1,5/6/2022,sucrose10,sucrose,10
2022_05_06_abb04,7,2300,0,90384,spout05,2,100,abb,1,5/6/2022,sucrose10,sucrose,10
2022_05_06_abb04,7,2400,1,90384,spout05,2,100,abb,1,5/6/2022,sucrose10,sucrose,10
2022_05_06_abb04,7,2500,1,90384,spout05,2,100,abb,1,5/6/2022,sucrose10,sucrose,10
2022_05_06_abb04,7,2600,1,90384,spout05,2,100,abb,1,5/6/2022,sucrose10,sucrose,10
2022_05_06_abb04,7,2700,0,90384,spout05,2,100,abb,1,5/6/2022,sucrose10,sucrose,10
2022_05_06_abb04,7,2800,1,90384,spout05,2,100,abb,1,5/6/2022,sucrose10,sucrose,10
2022_05_06_abb04,7,2900,1,90384,spout05,2,100,abb,1,5/6/2022,sucrose10,sucrose,10
2022_05_06_abb04,8,0,0,103327,spout01,1,100,abb,1,5/6/2022,sucrose05,sucrose,5
2022_05_06_abb04,8,100,1,103327,spout01,1,100,abb,1,5/6/2022,sucrose05,sucrose,5
2022_05_06_abb04,8,200,1,103327,spout01,1,100,abb,1,5/6/2022,sucrose05,sucrose,5
2022_05_06_abb04,8,300,0,103327,spout01,1,100,abb,1,5/6/2022,sucrose05,sucrose,5
2022_05_06_abb04,8,400,1,103327,spout01,1,100,abb,1,5/6/2022,sucrose05,sucrose,5
2022_05_06_abb04,8,500,1,103327,spout01,1,100,abb,1,5/6/2022,sucrose05,sucrose,5
2022_05_06_abb04,8,600,1,103327,spout01,1,100,abb,1,5/6/2022,sucrose05,sucrose,5
2022_05_06_abb04,8,700,1,103327,spout01,1,100,abb,1,5/6/2022,sucrose05,sucrose,5
2022_05_06_abb04,8,800,1,103327,spout01,1,100,abb,1,5/6/2022,sucrose05,sucrose,5
2022_05_06_abb04,8,900,0,103327,spout01,1,100,abb,1,5/6/2022,sucrose05,sucrose,5
2022_05_06_abb04,8,1000,1,103327,spout01,1,100,abb,1,5/6/2022,sucrose05,sucrose,5
2022_05_06_abb04,8,1100,1,103327,spout01,1,100,abb,1,5/6/2022,sucrose05,sucrose,5
2022_05_06_abb04,8,1200,1,103327,spout01,1,100,abb,1,5/6/2022,sucrose05,sucrose,5
2022_05_06_abb04,8,1300,0,103327,spout01,1,100,abb,1,5/6/2022,sucrose05,sucrose,5
2022_05_06_abb04,8,1400,1,103327,spout01,1,100,abb,1,5/6/2022,sucrose05,sucrose,5
2022_05_06_abb04,8,1500,1,103327,spout01,1,100,abb,1,5/6/2022,sucrose05,sucrose,5
2022_05_06_abb04,8,1600,1,103327,spout01,1,100,abb,1,5/6/2022,sucrose05,sucrose,5
2022_05_06_abb04,8,1700,1,103327,spout01,1,100,abb,1,5/6/2022,sucrose05,sucrose,5
2022_05_06_abb04,8,1800,0,103327,spout01,1,100,abb,1,5/6/2022,sucrose05,sucrose,5
2022_05_06_abb04,8,1900,1,103327,spout01,1,100,abb,1,5/6/2022,sucrose05,sucrose,5
2022_05_06_abb04,8,2000,1,103327,spout01,1,100,abb,1,5/6/2022,sucrose05,sucrose,5
2022_05_06_abb04,8,2100,0,103327,spout01,1,100,abb,1,5/6/2022,sucrose05,sucrose,5
2022_05_06_abb04,8,2200,1,103327,spout01,1,100,abb,1,5/6/2022,sucrose05,sucrose,5
2022_05_06_abb04,8,2300,1,103327,spout01,1,100,abb,1,5/6/2022,sucrose05,sucrose,5
2022_05_06_abb04,8,2400,1,103327,spout01,1,100,abb,1,5/6/2022,sucrose05,sucrose,5
2022_05_06_abb04,8,2500,1,103327,spout01,1,100,abb,1,5/6/2022,sucrose05,sucrose,5
2022_05_06_abb04,8,2600,0,103327,spout01,1,100,abb,1,5/6/2022,sucrose05,sucrose,5
2022_05_06_abb04,8,2700,1,103327,spout01,1,100,abb,1,5/6/2022,sucrose05,sucrose,5
2022_05_06_abb04,8,2800,1,103327,spout01,1,100,abb,1,5/6/2022,sucrose05,sucrose,5
2022_05_06_abb04,8,2900,1,103327,spout01,1,100,abb,1,5/6/2022,sucrose05,sucrose,5
2022_05_06_abb04,9,0,0,119243,spout01,2,100,abb,1,5/6/2022,sucrose05,sucrose,5
2022_05_06_abb04,9,100,0,119243,spout01,2,100,abb,1,5/6/2022,sucrose05,sucrose,5
2022_05_06_abb04,9,200,1,119243,spout01,2,100,abb,1,5/6/2022,sucrose05,sucrose,5
2022_05_06_abb04,9,300,1,119243,spout01,2,100,abb,1,5/6/2022,sucrose05,sucrose,5
2022_05_06_abb04,9,400,1,119243,spout01,2,100,abb,1,5/6/2022,sucrose05,sucrose,5
2022_05_06_abb04,9,500,0,119243,spout01,2,100,abb,1,5/6/2022,sucrose05,sucrose,5
2022_05_06_abb04,9,600,1,119243,spout01,2,100,abb,1,5/6/2022,sucrose05,sucrose,5
2022_05_06_abb04,9,700,1,119243,spout01,2,100,abb,1,5/6/2022,sucrose05,sucrose,5
2022_05_06_abb04,9,800,1,119243,spout01,2,100,abb,1,5/6/2022,sucrose05,sucrose,5
2022_05_06_abb04,9,900,1,119243,spout01,2,100,abb,1,5/6/2022,sucrose05,sucrose,5
2022_05_06_abb04,9,1000,1,119243,spout01,2,100,abb,1,5/6/2022,sucrose05,sucrose,5
2022_05_06_abb04,9,1100,0,119243,spout01,2,100,abb,1,5/6/2022,sucrose05,sucrose,5
2022_05_06_abb04,9,1200,1,119243,spout01,2,100,abb,1,5/6/2022,sucrose05,sucrose,5
2022_05_06_abb04,9,1300,1,119243,spout01,2,100,abb,1,5/6/2022,sucrose05,sucrose,5
2022_05_06_abb04,9,1400,1,119243,spout01,2,100,abb,1,5/6/2022,sucrose05,sucrose,5
2022_05_06_abb04,9,1500,1,119243,spout01,2,100,abb,1,5/6/2022,sucrose05,sucrose,5
2022_05_06_abb04,9,1600,0,119243,spout01,2,100,abb,1,5/6/2022,sucrose05,sucrose,5
2022_05_06_abb04,9,1700,1,119243,spout01,2,100,abb,1,5/6/2022,sucrose05,sucrose,5
2022_05_06_abb04,9,1800,1,119243,spout01,2,100,abb,1,5/6/2022,sucrose05,sucrose,5
2022_05_06_abb04,9,1900,1,119243,spout01,2,100,abb,1,5/6/2022,sucrose05,sucrose,5
2022_05_06_abb04,9,2000,0,119243,spout01,2,100,abb,1,5/6/2022,sucrose05,sucrose,5
2022_05_06_abb04,9,2100,1,119243,spout01,2,100,abb,1,5/6/2022,sucrose05,sucrose,5
2022_05_06_abb04,9,2200,1,119243,spout01,2,100,abb,1,5/6/2022,sucrose05,sucrose,5
2022_05_06_abb04,9,2300,1,119243,spout01,2,100,abb,1,5/6/2022,sucrose05,sucrose,5
2022_05_06_abb04,9,2400,0,119243,spout01,2,100,abb,1,5/6/2022,sucrose05,sucrose,5
2022_05_06_abb04,9,2500,1,119243,spout01,2,100,abb,1,5/6/2022,sucrose05,sucrose,5
2022_05_06_abb04,9,2600,1,119243,spout01,2,100,abb,1,5/6/2022,sucrose05,sucrose,5
2022_05_06_abb04,9,2700,1,119243,spout01,2,100,abb,1,5/6/2022,sucrose05,sucrose,5
2022_05_06_abb04,9,2800,0,119243,spout01,2,100,abb,1,5/6/2022,sucrose05,sucrose,5
2022_05_06_abb04,9,2900,1,119243,spout01,2,100,abb,1,5/6/2022,sucrose05,sucrose,5
2022_05_06_abb04,10,0,0,132038,spout02,2,100,abb,1,5/6/2022,sucrose20,sucrose,20
2022_05_06_abb04,10,100,0,132038,spout02,2,100,abb,1,5/6/2022,sucrose20,sucrose,20
2022_05_06_abb04,10,200,1,132038,spout02,2,100,abb,1,5/6/2022,sucrose20,sucrose,20
2022_05_06_abb04,10,300,0,132038,spout02,2,100,abb,1,5/6/2022,sucrose20,sucrose,20
2022_05_06_abb04,10,400,1,132038,spout02,2,100,abb,1,5/6/2022,sucrose20,sucrose,20
2022_05_06_abb04,10,500,1,132038,spout02,2,100,abb,1,5/6/2022,sucrose20,sucrose,20
2022_05_06_abb04,10,600,1,132038,spout02,2,100,abb,1,5/6/2022,sucrose20,sucrose,20
2022_05_06_abb04,10,700,1,132038,spout02,2,100,abb,1,5/6/2022,sucrose20,sucrose,20
2022_05_06_abb04,10,800,0,132038,spout02,2,100,abb,1,5/6/2022,sucrose20,sucrose,20
2022_05_06_abb04,10,900,1,132038,spout02,2,100,abb,1,5/6/2022,sucrose20,sucrose,20
2022_05_06_abb04,10,1000,1,132038,spout02,2,100,abb,1,5/6/2022,sucrose20,sucrose,20
2022_05_06_abb04,10,1100,0,132038,spout02,2,100,abb,1,5/6/2022,sucrose20,sucrose,20
2022_05_06_abb04,10,1200,1,132038,spout02,2,100,abb,1,5/6/2022,sucrose20,sucrose,20
2022_05_06_abb04,10,1300,1,132038,spout02,2,100,abb,1,5/6/2022,sucrose20,sucrose,20
2022_05_06_abb04,10,1400,0,132038,spout02,2,100,abb,1,5/6/2022,sucrose20,sucrose,20
2022_05_06_abb04,10,1500,1,132038,spout02,2,100,abb,1,5/6/2022,sucrose20,sucrose,20
2022_05_06_abb04,10,1600,1,132038,spout02,2,100,abb,1,5/6/2022,sucrose20,sucrose,20
2022_05_06_abb04,10,1700,1,132038,spout02,2,100,abb,1,5/6/2022,sucrose20,sucrose,20
2022_05_06_abb04,10,1800,1,132038,spout02,2,100,abb,1,5/6/2022,sucrose20,sucrose,20
2022_05_06_abb04,10,1900,0,132038,spout02,2,100,abb,1,5/6/2022,sucrose20,sucrose,20
2022_05_06_abb04,10,2000,1,132038,spout02,2,100,abb,1,5/6/2022,sucrose20,sucrose,20
2022_05_06_abb04,10,2100,1,132038,spout02,2,100,abb,1,5/6/2022,sucrose20,sucrose,20
2022_05_06_abb04,10,2200,0,132038,spout02,2,100,abb,1,5/6/2022,sucrose20,sucrose,20
2022_05_06_abb04,10,2300,1,132038,spout02,2,100,abb,1,5/6/2022,sucrose20,sucrose,20
2022_05_06_abb04,10,2400,1,132038,spout02,2,100,abb,1,5/6/2022,sucrose20,sucrose,20
2022_05_06_abb04,10,2500,1,132038,spout02,2,100,abb,1,5/6/2022,sucrose20,sucrose,20
2022_05_06_abb04,10,2600,1,132038,spout02,2,100,abb,1,5/6/2022,sucrose20,sucrose,20
2022_05_06_abb04,10,2700,0,132038,spout02,2,100,abb,1,5/6/2022,sucrose20,sucrose,20
2022_05_06_abb04,10,2800,1,132038,spout02,2,100,abb,1,5/6/2022,sucrose20,sucrose,20
2022_05_06_abb04,10,2900,1,132038,spout02,2,100,abb,1,5/6/2022,sucrose20,sucrose,20
2022_05_06_abb04,11,0,0,144829,spout01,3,100,abb,1,5/6/2022,sucrose05,sucrose,5
2022_05_06_abb04,11,100,1,144829,spout01,3,100,abb,1,5/6/2022,sucrose05,sucrose,5
2022_05_06_abb04,11,200,0,144829,spout01,3,100,abb,1,5/6/2022,sucrose05,sucrose,5
2022_05_06_abb04,11,300,1,144829,spout01,3,100,abb,1,5/6/2022,sucrose05,sucrose,5
2022_05_06_abb04,11,400,1,144829,spout01,3,100,abb,1,5/6/2022,sucrose05,sucrose,5
2022_05_06_abb04,11,500,1,144829,spout01,3,100,abb,1,5/6/2022,sucrose05,sucrose,5
2022_05_06_abb04,11,600,1,144829,spout01,3,100,abb,1,5/6/2022,sucrose05,sucrose,5
2022_05_06_abb04,11,700,0,144829,spout01,3,100,abb,1,5/6/2022,sucrose05,sucrose,5
2022_05_06_abb04,11,800,1,144829,spout01,3,100,abb,1,5/6/2022,sucrose05,sucrose,5
2022_05_06_abb04,11,900,1,144829,spout01,3,100,abb,1,5/6/2022,sucrose05,sucrose,5
2022_05_06_abb04,11,1000,1,144829,spout01,3,100,abb,1,5/6/2022,sucrose05,sucrose,5
2022_05_06_abb04,11,1100,1,144829,spout01,3,100,abb,1,5/6/2022,sucrose05,sucrose,5
2022_05_06_abb04,11,1200,0,144829,spout01,3,100,abb,1,5/6/2022,sucrose05,sucrose,5
2022_05_06_abb04,11,1300,1,144829,spout01,3,100,abb,1,5/6/2022,sucrose05,sucrose,5
2022_05_06_abb04,11,1400,1,144829,spout01,3,100,abb,1,5/6/2022,sucrose05,sucrose,5
2022_05_06_abb04,11,1500,1,144829,spout01,3,100,abb,1,5/6/2022,sucrose05,sucrose,5
2022_05_06_abb04,11,1600,1,144829,spout01,3,100,abb,1,5/6/2022,sucrose05,sucrose,5
2022_05_06_abb04,11,1700,0,144829,spout01,3,100,abb,1,5/6/2022,sucrose05,sucrose,5
2022_05_06_abb04,11,1800,1,144829,spout01,3,100,abb,1,5/6/2022,sucrose05,sucrose,5
2022_05_06_abb04,11,1900,1,144829,spout01,3,100,abb,1,5/6/2022,sucrose05,sucrose,5
2022_05_06_abb04,11,2000,1,144829,spout01,3,100,abb,1,5/6/2022,sucrose05,sucrose,5
2022_05_06_abb04,11,2100,0,144829,spout01,3,100,abb,1,5/6/2022,sucrose05,sucrose,5
2022_05_06_abb04,11,2200,1,144829,spout01,3,100,abb,1,5/6/2022,sucrose05,sucrose,5
2022_05_06_abb04,11,2300,1,144829,spout01,3,100,abb,1,5/6/2022,sucrose05,sucrose,5
2022_05_06_abb04,11,2400,1,144829,spout01,3,100,abb,1,5/6/2022,sucrose05,sucrose,5
2022_05_06_abb04,11,2500,0,144829,spout01,3,100,abb,1,5/6/2022,sucrose05,sucrose,5
2022_05_06_abb04,11,2600,1,144829,spout01,3,100,abb,1,5/6/2022,sucrose05,sucrose,5
2022_05_06_abb04,11,2700,1,144829,spout01,3,100,abb,1,5/6/2022,sucrose05,sucrose,5
2022_05_06_abb04,11,2800,1,144829,spout01,3,100,abb,1,5/6/2022,sucrose05,sucrose,5
2022_05_06_abb04,11,2900,1,144829,spout01,3,100,abb,1,5/6/2022,sucrose05,sucrose,5
2022_05_06_abb04,12,0,0,156547,spout03,3,100,abb,1,5/6/2022,sucrose00,sucrose,0
2022_05_06_abb04,12,100,0,156547,spout03,3,100,abb,1,5/6/2022,sucrose00,sucrose,0
2022_05_06_abb04,12,200,0,156547,spout03,3,100,abb,1,5/6/2022,sucrose00,sucrose,0
2022_05_06_abb04,12,300,0,156547,spout03,3,100,abb,1,5/6/2022,sucrose00,sucrose,0
2022_05_06_abb04,12,400,1,156547,spout03,3,100,abb,1,5/6/2022,sucrose00,sucrose,0
2022_05_06_abb04,12,500,1,156547,spout03,3,100,abb,1,5/6/2022,sucrose00,sucrose,0
2022_05_06_abb04,12,600,1,156547,spout03,3,100,abb,1,5/6/2022,sucrose00,sucrose,0
2022_05_06_abb04,12,700,0,156547,spout03,3,100,abb,1,5/6/2022,sucrose00,sucrose,0
2022_05_06_abb04,12,800,0,156547,spout03,3,100,abb,1,5/6/2022,sucrose00,sucrose,0
2022_05_06_abb04,12,900,1,156547,spout03,3,100,abb,1,5/6/2022,sucrose00,sucrose,0
2022_05_06_abb04,12,1000,1,156547,spout03,3,100,abb,1,5/6/2022,sucrose00,sucrose,0
2022_05_06_abb04,12,1100,1,156547,spout03,3,100,abb,1,5/6/2022,sucrose00,sucrose,0
2022_05_06_abb04,12,1200,0,156547,spout03,3,100,abb,1,5/6/2022,sucrose00,sucrose,0
2022_05_06_abb04,12,1300,1,156547,spout03,3,100,abb,1,5/6/2022,sucrose00,sucrose,0
2022_05_06_abb04,12,1400,1,156547,spout03,3,100,abb,1,5/6/2022,sucrose00,sucrose,0
2022_05_06_abb04,12,1500,1,156547,spout03,3,100,abb,1,5/6/2022,sucrose00,sucrose,0
2022_05_06_abb04,12,1600,0,156547,spout03,3,100,abb,1,5/6/2022,sucrose00,sucrose,0
2022_05_06_abb04,12,1700,1,156547,spout03,3,100,abb,1,5/6/2022,sucrose00,sucrose,0
2022_05_06_abb04,12,1800,0,156547,spout03,3,100,abb,1,5/6/2022,sucrose00,sucrose,0
2022_05_06_abb04,12,1900,1,156547,spout03,3,100,abb,1,5/6/2022,sucrose00,sucrose,0
2022_05_06_abb04,12,2000,1,156547,spout03,3,100,abb,1,5/6/2022,sucrose00,sucrose,0
2022_05_06_abb04,12,2100,0,156547,spout03,3,100,abb,1,5/6/2022,sucrose00,sucrose,0
2022_05_06_abb04,12,2200,1,156547,spout03,3,100,abb,1,5/6/2022,sucrose00,sucrose,0
2022_05_06_abb04,12,2300,1,156547,spout03,3,100,abb,1,5/6/2022,sucrose00,sucrose,0
2022_05_06_abb04,12,2400,1,156547,spout03,3,100,abb,1,5/6/2022,sucrose00,sucrose,0
2022_05_06_abb04,12,2500,1,156547,spout03,3,100,abb,1,5/6/2022,sucrose00,sucrose,0
2022_05_06_abb04,12,2600,0,156547,spout03,3,100,abb,1,5/6/2022,sucrose00,sucrose,0
2022_05_06_abb04,12,2700,0,156547,spout03,3,100,abb,1,5/6/2022,sucrose00,sucrose,0
2022_05_06_abb04,12,2800,0,156547,spout03,3,100,abb,1,5/6/2022,sucrose00,sucrose,0
2022_05_06_abb04,12,2900,1,156547,spout03,3,100,abb,1,5/6/2022,sucrose00,sucrose,0
2022_05_06_abb04,13,0,0,170845,spout05,3,100,abb,1,5/6/2022,sucrose10,sucrose,10
2022_05_06_abb04,13,100,1,170845,spout05,3,100,abb,1,5/6/2022,sucrose10,sucrose,10
2022_05_06_abb04,13,200,1,170845,spout05,3,100,abb,1,5/6/2022,sucrose10,sucrose,10
2022_05_06_abb04,13,300,0,170845,spout05,3,100,abb,1,5/6/2022,sucrose10,sucrose,10
2022_05_06_abb04,13,400,1,170845,spout05,3,100,abb,1,5/6/2022,sucrose10,sucrose,10
2022_05_06_abb04,13,500,1,170845,spout05,3,100,abb,1,5/6/2022,sucrose10,sucrose,10
2022_05_06_abb04,13,600,1,170845,spout05,3,100,abb,1,5/6/2022,sucrose10,sucrose,10
2022_05_06_abb04,13,700,1,170845,spout05,3,100,abb,1,5/6/2022,sucrose10,sucrose,10
2022_05_06_abb04,13,800,0,170845,spout05,3,100,abb,1,5/6/2022,sucrose10,sucrose,10
2022_05_06_abb04,13,900,1,170845,spout05,3,100,abb,1,5/6/2022,sucrose10,sucrose,10
2022_05_06_abb04,13,1000,1,170845,spout05,3,100,abb,1,5/6/2022,sucrose10,sucrose,10
2022_05_06_abb04,13,1100,1,170845,spout05,3,100,abb,1,5/6/2022,sucrose10,sucrose,10
2022_05_06_abb04,13,1200,0,170845,spout05,3,100,abb,1,5/6/2022,sucrose10,sucrose,10
2022_05_06_abb04,13,1300,1,170845,spout05,3,100,abb,1,5/6/2022,sucrose10,sucrose,10
2022_05_06_abb04,13,1400,1,170845,spout05,3,100,abb,1,5/6/2022,sucrose10,sucrose,10
2022_05_06_abb04,13,1500,1,170845,spout05,3,100,abb,1,5/6/2022,sucrose10,sucrose,10
2022_05_06_abb04,13,1600,0,170845,spout05,3,100,abb,1,5/6/2022,sucrose10,sucrose,10
2022_05_06_abb04,13,1700,1,170845,spout05,3,100,abb,1,5/6/2022,sucrose10,sucrose,10
2022_05_06_abb04,13,1800,1,170845,spout05,3,100,abb,1,5/6/2022,sucrose10,sucrose,10
2022_05_06_abb04,13,1900,1,170845,spout05,3,100,abb,1,5/6/2022,sucrose10,sucrose,10
2022_05_06_abb04,13,2000,0,170845,spout05,3,100,abb,1,5/6/2022,sucrose10,sucrose,10
2022_05_06_abb04,13,2100,1,170845,spout05,3,100,abb,1,5/6/2022,sucrose10,sucrose,10
2022_05_06_abb04,13,2200,1,170845,spout05,3,100,abb,1,5/6/2022,sucrose10,sucrose,10
2022_05_06_abb04,13,2300,1,170845,spout05,3,100,abb,1,5/6/2022,sucrose10,sucrose,10
2022_05_06_abb04,13,2400,1,170845,spout05,3,100,abb,1,5/6/2022,sucrose10,sucrose,10
2022_05_06_abb04,13,2500,0,170845,spout05,3,100,abb,1,5/6/2022,sucrose10,sucrose,10
2022_05_06_abb04,13,2600,1,170845,spout05,3,100,abb,1,5/6/2022,sucrose10,sucrose,10
2022_05_06_abb04,13,2700,1,170845,spout05,3,100,abb,1,5/6/2022,sucrose10,sucrose,10
2022_05_06_abb04,13,2800,0,170845,spout05,3,100,abb,1,5/6/2022,sucrose10,sucrose,10
2022_05_06_abb04,13,2900,1,170845,spout05,3,100,abb,1,5/6/2022,sucrose10,sucrose,10
2022_05_06_abb04,14,0,0,183452,spout02,3,100,abb,1,5/6/2022,sucrose20,sucrose,20
2022_05_06_abb04,14,100,1,183452,spout02,3,100,abb,1,5/6/2022,sucrose20,sucrose,20
2022_05_06_abb04,14,200,1,183452,spout02,3,100,abb,1,5/6/2022,sucrose20,sucrose,20
2022_05_06_abb04,14,300,0,183452,spout02,3,100,abb,1,5/6/2022,sucrose20,sucrose,20
2022_05_06_abb04,14,400,1,183452,spout02,3,100,abb,1,5/6/2022,sucrose20,sucrose,20
2022_05_06_abb04,14,500,1,183452,spout02,3,100,abb,1,5/6/2022,sucrose20,sucrose,20
2022_05_06_abb04,14,600,1,183452,spout02,3,100,abb,1,5/6/2022,sucrose20,sucrose,20
2022_05_06_abb04,14,700,1,183452,spout02,3,100,abb,1,5/6/2022,sucrose20,sucrose,20
2022_05_06_abb04,14,800,0,183452,spout02,3,100,abb,1,5/6/2022,sucrose20,sucrose,20
2022_05_06_abb04,14,900,1,183452,spout02,3,100,abb,1,5/6/2022,sucrose20,sucrose,20
2022_05_06_abb04,14,1000,1,183452,spout02,3,100,abb,1,5/6/2022,sucrose20,sucrose,20
2022_05_06_abb04,14,1100,1,183452,spout02,3,100,abb,1,5/6/2022,sucrose20,sucrose,20
2022_05_06_abb04,14,1200,1,183452,spout02,3,100,abb,1,5/6/2022,sucrose20,sucrose,20
2022_05_06_abb04,14,1300,0,183452,spout02,3,100,abb,1,5/6/2022,sucrose20,sucrose,20
2022_05_06_abb04,14,1400,1,183452,spout02,3,100,abb,1,5/6/2022,sucrose20,sucrose,20
2022_05_06_abb04,14,1500,1,183452,spout02,3,100,abb,1,5/6/2022,sucrose20,sucrose,20
2022_05_06_abb04,14,1600,1,183452,spout02,3,100,abb,1,5/6/2022,sucrose20,sucrose,20
2022_05_06_abb04,14,1700,1,183452,spout02,3,100,abb,1,5/6/2022,sucrose20,sucrose,20
2022_05_06_abb04,14,1800,0,183452,spout02,3,100,abb,1,5/6/2022,sucrose20,sucrose,20
2022_05_06_abb04,14,1900,1,183452,spout02,3,100,abb,1,5/6/2022,sucrose20,sucrose,20
2022_05_06_abb04,14,2000,1,183452,spout02,3,100,abb,1,5/6/2022,sucrose20,sucrose,20
2022_05_06_abb04,14,2100,1,183452,spout02,3,100,abb,1,5/6/2022,sucrose20,sucrose,20
2022_05_06_abb04,14,2200,0,183452,spout02,3,100,abb,1,5/6/2022,sucrose20,sucrose,20
2022_05_06_abb04,14,2300,1,183452,spout02,3,100,abb,1,5/6/2022,sucrose20,sucrose,20
2022_05_06_abb04,14,2400,1,183452,spout02,3,100,abb,1,5/6/2022,sucrose20,sucrose,20
2022_05_06_abb04,14,2500,1,183452,spout02,3,100,abb,1,5/6/2022,sucrose20,sucrose,20
2022_05_06_abb04,14,2600,1,183452,spout02,3,100,abb,1,5/6/2022,sucrose20,sucrose,20
2022_05_06_abb04,14,2700,0,183452,spout02,3,100,abb,1,5/6/2022,sucrose20,sucrose,20
2022_05_06_abb04,14,2800,1,183452,spout02,3,100,abb,1,5/6/2022,sucrose20,sucrose,20
2022_05_06_abb04,14,2900,1,183452,spout02,3,100,abb,1,5/6/2022,sucrose20,sucrose,20
2022_05_06_abb04,15,0,0,197903,spout04,3,100,abb,1,5/6/2022,sucrose30,sucrose,30
2022_05_06_abb04,15,100,1,197903,spout04,3,100,abb,1,5/6/2022,sucrose30,sucrose,30
2022_05_06_abb04,15,200,1,197903,spout04,3,100,abb,1,5/6/2022,sucrose30,sucrose,30
2022_05_06_abb04,15,300,1,197903,spout04,3,100,abb,1,5/6/2022,sucrose30,sucrose,30
2022_05_06_abb04,15,400,1,197903,spout04,3,100,abb,1,5/6/2022,sucrose30,sucrose,30
2022_05_06_abb04,15,500,0,197903,spout04,3,100,abb,1,5/6/2022,sucrose30,sucrose,30
2022_05_06_abb04,15,600,1,197903,spout04,3,100,abb,1,5/6/2022,sucrose30,sucrose,30
2022_05_06_abb04,15,700,1,197903,spout04,3,100,abb,1,5/6/2022,sucrose30,sucrose,30
2022_05_06_abb04,15,800,1,197903,spout04,3,100,abb,1,5/6/2022,sucrose30,sucrose,30
2022_05_06_abb04,15,900,1,197903,spout04,3,100,abb,1,5/6/2022,sucrose30,sucrose,30
2022_05_06_abb04,15,1000,1,197903,spout04,3,100,abb,1,5/6/2022,sucrose30,sucrose,30
2022_05_06_abb04,15,1100,0,197903,spout04,3,100,abb,1,5/6/2022,sucrose30,sucrose,30
2022_05_06_abb04,15,1200,1,197903,spout04,3,100,abb,1,5/6/2022,sucrose30,sucrose,30
2022_05_06_abb04,15,1300,1,197903,spout04,3,100,abb,1,5/6/2022,sucrose30,sucrose,30
2022_05_06_abb04,15,1400,1,197903,spout04,3,100,abb,1,5/6/2022,sucrose30,sucrose,30
2022_05_06_abb04,15,1500,1,197903,spout04,3,100,abb,1,5/6/2022,sucrose30,sucrose,30
2022_05_06_abb04,15,1600,0,197903,spout04,3,100,abb,1,5/6/2022,sucrose30,sucrose,30
2022_05_06_abb04,15,1700,1,197903,spout04,3,100,abb,1,5/6/2022,sucrose30,sucrose,30
2022_05_06_abb04,15,1800,1,197903,spout04,3,100,abb,1,5/6/2022,sucrose30,sucrose,30
2022_05_06_abb04,15,1900,1,197903,spout04,3,100,abb,1,5/6/2022,sucrose30,sucrose,30
2022_05_06_abb04,15,2000,0,197903,spout04,3,100,abb,1,5/6/2022,sucrose30,sucrose,30
2022_05_06_abb04,15,2100,1,197903,spout04,3,100,abb,1,5/6/2022,sucrose30,sucrose,30
2022_05_06_abb04,15,2200,1,197903,spout04,3,100,abb,1,5/6/2022,sucrose30,sucrose,30
2022_05_06_abb04,15,2300,1,197903,spout04,3,100,abb,1,5/6/2022,sucrose30,sucrose,30
2022_05_06_abb04,15,2400,1,197903,spout04,3,100,abb,1,5/6/2022,sucrose30,sucrose,30
2022_05_06_abb04,15,2500,0,197903,spout04,3,100,abb,1,5/6/2022,sucrose30,sucrose,30
2022_05_06_abb04,15,2600,1,197903,spout04,3,100,abb,1,5/6/2022,sucrose30,sucrose,30
2022_05_06_abb04,15,2700,1,197903,spout04,3,100,abb,1,5/6/2022,sucrose30,sucrose,30
2022_05_06_abb04,15,2800,1,197903,spout04,3,100,abb,1,5/6/2022,sucrose30,sucrose,30
2022_05_06_abb04,15,2900,0,197903,spout04,3,100,abb,1,5/6/2022,sucrose30,sucrose,30
2022_05_06_abb04,16,0,0,211401,spout05,4,100,abb,1,5/6/2022,sucrose10,sucrose,10
2022_05_06_abb04,16,100,1,211401,spout05,4,100,abb,1,5/6/2022,sucrose10,sucrose,10
2022_05_06_abb04,16,200,1,211401,spout05,4,100,abb,1,5/6/2022,sucrose10,sucrose,10
2022_05_06_abb04,16,300,1,211401,spout05,4,100,abb,1,5/6/2022,sucrose10,sucrose,10
2022_05_06_abb04,16,400,1,211401,spout05,4,100,abb,1,5/6/2022,sucrose10,sucrose,10
2022_05_06_abb04,16,500,0,211401,spout05,4,100,abb,1,5/6/2022,sucrose10,sucrose,10
2022_05_06_abb04,16,600,1,211401,spout05,4,100,abb,1,5/6/2022,sucrose10,sucrose,10
2022_05_06_abb04,16,700,1,211401,spout05,4,100,abb,1,5/6/2022,sucrose10,sucrose,10
2022_05_06_abb04,16,800,1,211401,spout05,4,100,abb,1,5/6/2022,sucrose10,sucrose,10
2022_05_06_abb04,16,900,1,211401,spout05,4,100,abb,1,5/6/2022,sucrose10,sucrose,10
2022_05_06_abb04,16,1000,1,211401,spout05,4,100,abb,1,5/6/2022,sucrose10,sucrose,10
2022_05_06_abb04,16,1100,0,211401,spout05,4,100,abb,1,5/6/2022,sucrose10,sucrose,10
2022_05_06_abb04,16,1200,1,211401,spout05,4,100,abb,1,5/6/2022,sucrose10,sucrose,10
2022_05_06_abb04,16,1300,1,211401,spout05,4,100,abb,1,5/6/2022,sucrose10,sucrose,10
2022_05_06_abb04,16,1400,1,211401,spout05,4,100,abb,1,5/6/2022,sucrose10,sucrose,10
2022_05_06_abb04,16,1500,1,211401,spout05,4,100,abb,1,5/6/2022,sucrose10,sucrose,10
2022_05_06_abb04,16,1600,0,211401,spout05,4,100,abb,1,5/6/2022,sucrose10,sucrose,10
2022_05_06_abb04,16,1700,1,211401,spout05,4,100,abb,1,5/6/2022,sucrose10,sucrose,10
2022_05_06_abb04,16,1800,1,211401,spout05,4,100,abb,1,5/6/2022,sucrose10,sucrose,10
2022_05_06_abb04,16,1900,1,211401,spout05,4,100,abb,1,5/6/2022,sucrose10,sucrose,10
2022_05_06_abb04,16,2000,1,211401,spout05,4,100,abb,1,5/6/2022,sucrose10,sucrose,10
2022_05_06_abb04,16,2100,0,211401,spout05,4,100,abb,1,5/6/2022,sucrose10,sucrose,10
2022_05_06_abb04,16,2200,1,211401,spout05,4,100,abb,1,5/6/2022,sucrose10,sucrose,10
2022_05_06_abb04,16,2300,1,211401,spout05,4,100,abb,1,5/6/2022,sucrose10,sucrose,10
2022_05_06_abb04,16,2400,1,211401,spout05,4,100,abb,1,5/6/2022,sucrose10,sucrose,10
2022_05_06_abb04,16,2500,1,211401,spout05,4,100,abb,1,5/6/2022,sucrose10,sucrose,10
2022_05_06_abb04,16,2600,0,211401,spout05,4,100,abb,1,5/6/2022,sucrose10,sucrose,10
2022_05_06_abb04,16,2700,1,211401,spout05,4,100,abb,1,5/6/2022,sucrose10,sucrose,10
2022_05_06_abb04,16,2800,1,211401,spout05,4,100,abb,1,5/6/2022,sucrose10,sucrose,10
2022_05_06_abb04,16,2900,1,211401,spout05,4,100,abb,1,5/6/2022,sucrose10,sucrose,10
2022_05_06_abb04,17,0,0,227049,spout01,4,100,abb,1,5/6/2022,sucrose05,sucrose,5
2022_05_06_abb04,17,100,1,227049,spout01,4,100,abb,1,5/6/2022,sucrose05,sucrose,5
2022_05_06_abb04,17,200,1,227049,spout01,4,100,abb,1,5/6/2022,sucrose05,sucrose,5
2022_05_06_abb04,17,300,0,227049,spout01,4,100,abb,1,5/6/2022,sucrose05,sucrose,5
2022_05_06_abb04,17,400,1,227049,spout01,4,100,abb,1,5/6/2022,sucrose05,sucrose,5
2022_05_06_abb04,17,500,1,227049,spout01,4,100,abb,1,5/6/2022,sucrose05,sucrose,5
2022_05_06_abb04,17,600,1,227049,spout01,4,100,abb,1,5/6/2022,sucrose05,sucrose,5
2022_05_06_abb04,17,700,1,227049,spout01,4,100,abb,1,5/6/2022,sucrose05,sucrose,5
2022_05_06_abb04,17,800,1,227049,spout01,4,100,abb,1,5/6/2022,sucrose05,sucrose,5
2022_05_06_abb04,17,900,0,227049,spout01,4,100,abb,1,5/6/2022,sucrose05,sucrose,5
2022_05_06_abb04,17,1000,1,227049,spout01,4,100,abb,1,5/6/2022,sucrose05,sucrose,5
2022_05_06_abb04,17,1100,1,227049,spout01,4,100,abb,1,5/6/2022,sucrose05,sucrose,5
2022_05_06_abb04,17,1200,1,227049,spout01,4,100,abb,1,5/6/2022,sucrose05,sucrose,5
2022_05_06_abb04,17,1300,1,227049,spout01,4,100,abb,1,5/6/2022,sucrose05,sucrose,5
2022_05_06_abb04,17,1400,0,227049,spout01,4,100,abb,1,5/6/2022,sucrose05,sucrose,5
2022_05_06_abb04,17,1500,1,227049,spout01,4,100,abb,1,5/6/2022,sucrose05,sucrose,5
2022_05_06_abb04,17,1600,1,227049,spout01,4,100,abb,1,5/6/2022,sucrose05,sucrose,5
2022_05_06_abb04,17,1700,1,227049,spout01,4,100,abb,1,5/6/2022,sucrose05,sucrose,5
2022_05_06_abb04,17,1800,1,227049,spout01,4,100,abb,1,5/6/2022,sucrose05,sucrose,5
2022_05_06_abb04,17,1900,0,227049,spout01,4,100,abb,1,5/6/2022,sucrose05,sucrose,5
2022_05_06_abb04,17,2000,1,227049,spout01,4,100,abb,1,5/6/2022,sucrose05,sucrose,5
2022_05_06_abb04,17,2100,1,227049,spout01,4,100,abb,1,5/6/2022,sucrose05,sucrose,5
2022_05_06_abb04,17,2200,1,227049,spout01,4,100,abb,1,5/6/2022,sucrose05,sucrose,5
2022_05_06_abb04,17,2300,1,227049,spout01,4,100,abb,1,5/6/2022,sucrose05,sucrose,5
2022_05_06_abb04,17,2400,0,227049,spout01,4,100,abb,1,5/6/2022,sucrose05,sucrose,5
2022_05_06_abb04,17,2500,1,227049,spout01,4,100,abb,1,5/6/2022,sucrose05,sucrose,5
2022_05_06_abb04,17,2600,1,227049,spout01,4,100,abb,1,5/6/2022,sucrose05,sucrose,5
2022_05_06_abb04,17,2700,1,227049,spout01,4,100,abb,1,5/6/2022,sucrose05,sucrose,5
2022_05_06_abb04,17,2800,0,227049,spout01,4,100,abb,1,5/6/2022,sucrose05,sucrose,5
2022_05_06_abb04,17,2900,1,227049,spout01,4,100,abb,1,5/6/2022,sucrose05,sucrose,5
2022_05_06_abb04,18,0,0,240952,spout03,4,100,abb,1,5/6/2022,sucrose00,sucrose,0
2022_05_06_abb04,18,100,1,240952,spout03,4,100,abb,1,5/6/2022,sucrose00,sucrose,0
2022_05_06_abb04,18,200,1,240952,spout03,4,100,abb,1,5/6/2022,sucrose00,sucrose,0
2022_05_06_abb04,18,300,1,240952,spout03,4,100,abb,1,5/6/2022,sucrose00,sucrose,0
2022_05_06_abb04,18,400,1,240952,spout03,4,100,abb,1,5/6/2022,sucrose00,sucrose,0
2022_05_06_abb04,18,500,0,240952,spout03,4,100,abb,1,5/6/2022,sucrose00,sucrose,0
2022_05_06_abb04,18,600,1,240952,spout03,4,100,abb,1,5/6/2022,sucrose00,sucrose,0
2022_05_06_abb04,18,700,1,240952,spout03,4,100,abb,1,5/6/2022,sucrose00,sucrose,0
2022_05_06_abb04,18,800,1,240952,spout03,4,100,abb,1,5/6/2022,sucrose00,sucrose,0
2022_05_06_abb04,18,900,1,240952,spout03,4,100,abb,1,5/6/2022,sucrose00,sucrose,0
2022_05_06_abb04,18,1000,0,240952,spout03,4,100,abb,1,5/6/2022,sucrose00,sucrose,0
2022_05_06_abb04,18,1100,1,240952,spout03,4,100,abb,1,5/6/2022,sucrose00,sucrose,0
2022_05_06_abb04,18,1200,1,240952,spout03,4,100,abb,1,5/6/2022,sucrose00,sucrose,0
2022_05_06_abb04,18,1300,1,240952,spout03,4,100,abb,1,5/6/2022,sucrose00,sucrose,0
2022_05_06_abb04,18,1400,1,240952,spout03,4,100,abb,1,5/6/2022,sucrose00,sucrose,0
2022_05_06_abb04,18,1500,0,240952,spout03,4,100,abb,1,5/6/2022,sucrose00,sucrose,0
2022_05_06_abb04,18,1600,1,240952,spout03,4,100,abb,1,5/6/2022,sucrose00,sucrose,0
2022_05_06_abb04,18,1700,1,240952,spout03,4,100,abb,1,5/6/2022,sucrose00,sucrose,0
2022_05_06_abb04,18,1800,1,240952,spout03,4,100,abb,1,5/6/2022,sucrose00,sucrose,0
2022_05_06_abb04,18,1900,0,240952,spout03,4,100,abb,1,5/6/2022,sucrose00,sucrose,0
2022_05_06_abb04,18,2000,1,240952,spout03,4,100,abb,1,5/6/2022,sucrose00,sucrose,0
2022_05_06_abb04,18,2100,1,240952,spout03,4,100,abb,1,5/6/2022,sucrose00,sucrose,0
2022_05_06_abb04,18,2200,1,240952,spout03,4,100,abb,1,5/6/2022,sucrose00,sucrose,0
2022_05_06_abb04,18,2300,1,240952,spout03,4,100,abb,1,5/6/2022,sucrose00,sucrose,0
2022_05_06_abb04,18,2400,1,240952,spout03,4,100,abb,1,5/6/2022,sucrose00,sucrose,0
2022_05_06_abb04,18,2500,0,240952,spout03,4,100,abb,1,5/6/2022,sucrose00,sucrose,0
2022_05_06_abb04,18,2600,1,240952,spout03,4,100,abb,1,5/6/2022,sucrose00,sucrose,0
2022_05_06_abb04,18,2700,1,240952,spout03,4,100,abb,1,5/6/2022,sucrose00,sucrose,0
2022_05_06_abb04,18,2800,1,240952,spout03,4,100,abb,1,5/6/2022,sucrose00,sucrose,0
2022_05_06_abb04,18,2900,1,240952,spout03,4,100,abb,1,5/6/2022,sucrose00,sucrose,0
2022_05_06_abb04,19,0,0,252144,spout04,4,100,abb,1,5/6/2022,sucrose30,sucrose,30
2022_05_06_abb04,19,100,1,252144,spout04,4,100,abb,1,5/6/2022,sucrose30,sucrose,30
2022_05_06_abb04,19,200,1,252144,spout04,4,100,abb,1,5/6/2022,sucrose30,sucrose,30
2022_05_06_abb04,19,300,1,252144,spout04,4,100,abb,1,5/6/2022,sucrose30,sucrose,30
2022_05_06_abb04,19,400,1,252144,spout04,4,100,abb,1,5/6/2022,sucrose30,sucrose,30
2022_05_06_abb04,19,500,1,252144,spout04,4,100,abb,1,5/6/2022,sucrose30,sucrose,30
2022_05_06_abb04,19,600,0,252144,spout04,4,100,abb,1,5/6/2022,sucrose30,sucrose,30
2022_05_06_abb04,19,700,1,252144,spout04,4,100,abb,1,5/6/2022,sucrose30,sucrose,30
2022_05_06_abb04,19,800,1,252144,spout04,4,100,abb,1,5/6/2022,sucrose30,sucrose,30
2022_05_06_abb04,19,900,1,252144,spout04,4,100,abb,1,5/6/2022,sucrose30,sucrose,30
2022_05_06_abb04,19,1000,1,252144,spout04,4,100,abb,1,5/6/2022,sucrose30,sucrose,30
2022_05_06_abb04,19,1100,1,252144,spout04,4,100,abb,1,5/6/2022,sucrose30,sucrose,30
2022_05_06_abb04,19,1200,0,252144,spout04,4,100,abb,1,5/6/2022,sucrose30,sucrose,30
2022_05_06_abb04,19,1300,1,252144,spout04,4,100,abb,1,5/6/2022,sucrose30,sucrose,30
2022_05_06_abb04,19,1400,1,252144,spout04,4,100,abb,1,5/6/2022,sucrose30,sucrose,30
2022_05_06_abb04,19,1500,1,252144,spout04,4,100,abb,1,5/6/2022,sucrose30,sucrose,30
2022_05_06_abb04,19,1600,1,252144,spout04,4,100,abb,1,5/6/2022,sucrose30,sucrose,30
2022_05_06_abb04,19,1700,0,252144,spout04,4,100,abb,1,5/6/2022,sucrose30,sucrose,30
2022_05_06_abb04,19,1800,1,252144,spout04,4,100,abb,1,5/6/2022,sucrose30,sucrose,30
2022_05_06_abb04,19,1900,1,252144,spout04,4,100,abb,1,5/6/2022,sucrose30,sucrose,30
2022_05_06_abb04,19,2000,1,252144,spout04,4,100,abb,1,5/6/2022,sucrose30,sucrose,30
2022_05_06_abb04,19,2100,1,252144,spout04,4,100,abb,1,5/6/2022,sucrose30,sucrose,30
2022_05_06_abb04,19,2200,0,252144,spout04,4,100,abb,1,5/6/2022,sucrose30,sucrose,30
2022_05_06_abb04,19,2300,1,252144,spout04,4,100,abb,1,5/6/2022,sucrose30,sucrose,30
2022_05_06_abb04,19,2400,1,252144,spout04,4,100,abb,1,5/6/2022,sucrose30,sucrose,30
2022_05_06_abb04,19,2500,1,252144,spout04,4,100,abb,1,5/6/2022,sucrose30,sucrose,30
2022_05_06_abb04,19,2600,0,252144,spout04,4,100,abb,1,5/6/2022,sucrose30,sucrose,30
2022_05_06_abb04,19,2700,1,252144,spout04,4,100,abb,1,5/6/2022,sucrose30,sucrose,30
2022_05_06_abb04,19,2800,1,252144,spout04,4,100,abb,1,5/6/2022,sucrose30,sucrose,30
2022_05_06_abb04,19,2900,1,252144,spout04,4,100,abb,1,5/6/2022,sucrose30,sucrose,30
2022_05_06_abb04,20,0,0,266213,spout02,4,100,abb,1,5/6/2022,sucrose20,sucrose,20
2022_05_06_abb04,20,100,1,266213,spout02,4,100,abb,1,5/6/2022,sucrose20,sucrose,20
2022_05_06_abb04,20,200,1,266213,spout02,4,100,abb,1,5/6/2022,sucrose20,sucrose,20
2022_05_06_abb04,20,300,1,266213,spout02,4,100,abb,1,5/6/2022,sucrose20,sucrose,20
2022_05_06_abb04,20,400,0,266213,spout02,4,100,abb,1,5/6/2022,sucrose20,sucrose,20
2022_05_06_abb04,20,500,1,266213,spout02,4,100,abb,1,5/6/2022,sucrose20,sucrose,20
2022_05_06_abb04,20,600,1,266213,spout02,4,100,abb,1,5/6/2022,sucrose20,sucrose,20
2022_05_06_abb04,20,700,1,266213,spout02,4,100,abb,1,5/6/2022,sucrose20,sucrose,20
2022_05_06_abb04,20,800,1,266213,spout02,4,100,abb,1,5/6/2022,sucrose20,sucrose,20
2022_05_06_abb04,20,900,1,266213,spout02,4,100,abb,1,5/6/2022,sucrose20,sucrose,20
2022_05_06_abb04,20,1000,0,266213,spout02,4,100,abb,1,5/6/2022,sucrose20,sucrose,20
2022_05_06_abb04,20,1100,1,266213,spout02,4,100,abb,1,5/6/2022,sucrose20,sucrose,20
2022_05_06_abb04,20,1200,1,266213,spout02,4,100,abb,1,5/6/2022,sucrose20,sucrose,20
2022_05_06_abb04,20,1300,1,266213,spout02,4,100,abb,1,5/6/2022,sucrose20,sucrose,20
2022_05_06_abb04,20,1400,1,266213,spout02,4,100,abb,1,5/6/2022,sucrose20,sucrose,20
2022_05_06_abb04,20,1500,0,266213,spout02,4,100,abb,1,5/6/2022,sucrose20,sucrose,20
2022_05_06_abb04,20,1600,1,266213,spout02,4,100,abb,1,5/6/2022,sucrose20,sucrose,20
2022_05_06_abb04,20,1700,1,266213,spout02,4,100,abb,1,5/6/2022,sucrose20,sucrose,20
2022_05_06_abb04,20,1800,1,266213,spout02,4,100,abb,1,5/6/2022,sucrose20,sucrose,20
2022_05_06_abb04,20,1900,1,266213,spout02,4,100,abb,1,5/6/2022,sucrose20,sucrose,20
2022_05_06_abb04,20,2000,0,266213,spout02,4,100,abb,1,5/6/2022,sucrose20,sucrose,20
2022_05_06_abb04,20,2100,0,266213,spout02,4,100,abb,1,5/6/2022,sucrose20,sucrose,20
2022_05_06_abb04,20,2200,1,266213,spout02,4,100,abb,1,5/6/2022,sucrose20,sucrose,20
2022_05_06_abb04,20,2300,0,266213,spout02,4,100,abb,1,5/6/2022,sucrose20,sucrose,20
2022_05_06_abb04,20,2400,1,266213,spout02,4,100,abb,1,5/6/2022,sucrose20,sucrose,20
2022_05_06_abb04,20,2500,1,266213,spout02,4,100,abb,1,5/6/2022,sucrose20,sucrose,20
2022_05_06_abb04,20,2600,1,266213,spout02,4,100,abb,1,5/6/2022,sucrose20,sucrose,20
2022_05_06_abb04,20,2700,1,266213,spout02,4,100,abb,1,5/6/2022,sucrose20,sucrose,20
2022_05_06_abb04,20,2800,0,266213,spout02,4,100,abb,1,5/6/2022,sucrose20,sucrose,20
2022_05_06_abb04,20,2900,1,266213,spout02,4,100,abb,1,5/6/2022,sucrose20,sucrose,20
2022_05_06_abb04,21,0,0,279567,spout04,5,100,abb,1,5/6/2022,sucrose30,sucrose,30
2022_05_06_abb04,21,100,1,279567,spout04,5,100,abb,1,5/6/2022,sucrose30,sucrose,30
2022_05_06_abb04,21,200,1,279567,spout04,5,100,abb,1,5/6/2022,sucrose30,sucrose,30
2022_05_06_abb04,21,300,1,279567,spout04,5,100,abb,1,5/6/2022,sucrose30,sucrose,30
2022_05_06_abb04,21,400,1,279567,spout04,5,100,abb,1,5/6/2022,sucrose30,sucrose,30
2022_05_06_abb04,21,500,1,279567,spout04,5,100,abb,1,5/6/2022,sucrose30,sucrose,30
2022_05_06_abb04,21,600,1,279567,spout04,5,100,abb,1,5/6/2022,sucrose30,sucrose,30
2022_05_06_abb04,21,700,1,279567,spout04,5,100,abb,1,5/6/2022,sucrose30,sucrose,30
2022_05_06_abb04,21,800,0,279567,spout04,5,100,abb,1,5/6/2022,sucrose30,sucrose,30
2022_05_06_abb04,21,900,1,279567,spout04,5,100,abb,1,5/6/2022,sucrose30,sucrose,30
2022_05_06_abb04,21,1000,1,279567,spout04,5,100,abb,1,5/6/2022,sucrose30,sucrose,30
2022_05_06_abb04,21,1100,1,279567,spout04,5,100,abb,1,5/6/2022,sucrose30,sucrose,30
2022_05_06_abb04,21,1200,1,279567,spout04,5,100,abb,1,5/6/2022,sucrose30,sucrose,30
2022_05_06_abb04,21,1300,1,279567,spout04,5,100,abb,1,5/6/2022,sucrose30,sucrose,30
2022_05_06_abb04,21,1400,0,279567,spout04,5,100,abb,1,5/6/2022,sucrose30,sucrose,30
2022_05_06_abb04,21,1500,1,279567,spout04,5,100,abb,1,5/6/2022,sucrose30,sucrose,30
2022_05_06_abb04,21,1600,1,279567,spout04,5,100,abb,1,5/6/2022,sucrose30,sucrose,30
2022_05_06_abb04,21,1700,1,279567,spout04,5,100,abb,1,5/6/2022,sucrose30,sucrose,30
2022_05_06_abb04,21,1800,0,279567,spout04,5,100,abb,1,5/6/2022,sucrose30,sucrose,30
2022_05_06_abb04,21,1900,1,279567,spout04,5,100,abb,1,5/6/2022,sucrose30,sucrose,30
2022_05_06_abb04,21,2000,1,279567,spout04,5,100,abb,1,5/6/2022,sucrose30,sucrose,30
2022_05_06_abb04,21,2100,1,279567,spout04,5,100,abb,1,5/6/2022,sucrose30,sucrose,30
2022_05_06_abb04,21,2200,1,279567,spout04,5,100,abb,1,5/6/2022,sucrose30,sucrose,30
2022_05_06_abb04,21,2300,0,279567,spout04,5,100,abb,1,5/6/2022,sucrose30,sucrose,30
2022_05_06_abb04,21,2400,1,279567,spout04,5,100,abb,1,5/6/2022,sucrose30,sucrose,30
2022_05_06_abb04,21,2500,1,279567,spout04,5,100,abb,1,5/6/2022,sucrose30,sucrose,30
2022_05_06_abb04,21,2600,1,279567,spout04,5,100,abb,1,5/6/2022,sucrose30,sucrose,30
2022_05_06_abb04,21,2700,1,279567,spout04,5,100,abb,1,5/6/2022,sucrose30,sucrose,30
2022_05_06_abb04,21,2800,0,279567,spout04,5,100,abb,1,5/6/2022,sucrose30,sucrose,30
2022_05_06_abb04,21,2900,1,279567,spout04,5,100,abb,1,5/6/2022,sucrose30,sucrose,30
2022_05_06_abb04,22,0,0,291798,spout05,5,100,abb,1,5/6/2022,sucrose10,sucrose,10
2022_05_06_abb04,22,100,1,291798,spout05,5,100,abb,1,5/6/2022,sucrose10,sucrose,10
2022_05_06_abb04,22,200,1,291798,spout05,5,100,abb,1,5/6/2022,sucrose10,sucrose,10
2022_05_06_abb04,22,300,1,291798,spout05,5,100,abb,1,5/6/2022,sucrose10,sucrose,10
2022_05_06_abb04,22,400,0,291798,spout05,5,100,abb,1,5/6/2022,sucrose10,sucrose,10
2022_05_06_abb04,22,500,1,291798,spout05,5,100,abb,1,5/6/2022,sucrose10,sucrose,10
2022_05_06_abb04,22,600,1,291798,spout05,5,100,abb,1,5/6/2022,sucrose10,sucrose,10
2022_05_06_abb04,22,700,1,291798,spout05,5,100,abb,1,5/6/2022,sucrose10,sucrose,10
2022_05_06_abb04,22,800,1,291798,spout05,5,100,abb,1,5/6/2022,sucrose10,sucrose,10
2022_05_06_abb04,22,900,1,291798,spout05,5,100,abb,1,5/6/2022,sucrose10,sucrose,10
2022_05_06_abb04,22,1000,0,291798,spout05,5,100,abb,1,5/6/2022,sucrose10,sucrose,10
2022_05_06_abb04,22,1100,1,291798,spout05,5,100,abb,1,5/6/2022,sucrose10,sucrose,10
2022_05_06_abb04,22,1200,1,291798,spout05,5,100,abb,1,5/6/2022,sucrose10,sucrose,10
2022_05_06_abb04,22,1300,1,291798,spout05,5,100,abb,1,5/6/2022,sucrose10,sucrose,10
2022_05_06_abb04,22,1400,1,291798,spout05,5,100,abb,1,5/6/2022,sucrose10,sucrose,10
2022_05_06_abb04,22,1500,0,291798,spout05,5,100,abb,1,5/6/2022,sucrose10,sucrose,10
2022_05_06_abb04,22,1600,1,291798,spout05,5,100,abb,1,5/6/2022,sucrose10,sucrose,10
2022_05_06_abb04,22,1700,1,291798,spout05,5,100,abb,1,5/6/2022,sucrose10,sucrose,10
2022_05_06_abb04,22,1800,1,291798,spout05,5,100,abb,1,5/6/2022,sucrose10,sucrose,10
2022_05_06_abb04,22,1900,0,291798,spout05,5,100,abb,1,5/6/2022,sucrose10,sucrose,10
2022_05_06_abb04,22,2000,1,291798,spout05,5,100,abb,1,5/6/2022,sucrose10,sucrose,10
2022_05_06_abb04,22,2100,1,291798,spout05,5,100,abb,1,5/6/2022,sucrose10,sucrose,10
2022_05_06_abb04,22,2200,1,291798,spout05,5,100,abb,1,5/6/2022,sucrose10,sucrose,10
2022_05_06_abb04,22,2300,1,291798,spout05,5,100,abb,1,5/6/2022,sucrose10,sucrose,10
2022_05_06_abb04,22,2400,0,291798,spout05,5,100,abb,1,5/6/2022,sucrose10,sucrose,10
2022_05_06_abb04,22,2500,1,291798,spout05,5,100,abb,1,5/6/2022,sucrose10,sucrose,10
2022_05_06_abb04,22,2600,1,291798,spout05,5,100,abb,1,5/6/2022,sucrose10,sucrose,10
2022_05_06_abb04,22,2700,1,291798,spout05,5,100,abb,1,5/6/2022,sucrose10,sucrose,10
2022_05_06_abb04,22,2800,0,291798,spout05,5,100,abb,1,5/6/2022,sucrose10,sucrose,10
2022_05_06_abb04,22,2900,1,291798,spout05,5,100,abb,1,5/6/2022,sucrose10,sucrose,10
2022_05_06_abb04,23,0,0,305290,spout02,5,100,abb,1,5/6/2022,sucrose20,sucrose,20
2022_05_06_abb04,23,100,1,305290,spout02,5,100,abb,1,5/6/2022,sucrose20,sucrose,20
2022_05_06_abb04,23,200,1,305290,spout02,5,100,abb,1,5/6/2022,sucrose20,sucrose,20
2022_05_06_abb04,23,300,0,305290,spout02,5,100,abb,1,5/6/2022,sucrose20,sucrose,20
2022_05_06_abb04,23,400,1,305290,spout02,5,100,abb,1,5/6/2022,sucrose20,sucrose,20
2022_05_06_abb04,23,500,1,305290,spout02,5,100,abb,1,5/6/2022,sucrose20,sucrose,20
2022_05_06_abb04,23,600,1,305290,spout02,5,100,abb,1,5/6/2022,sucrose20,sucrose,20
2022_05_06_abb04,23,700,1,305290,spout02,5,100,abb,1,5/6/2022,sucrose20,sucrose,20
2022_05_06_abb04,23,800,1,305290,spout02,5,100,abb,1,5/6/2022,sucrose20,sucrose,20
2022_05_06_abb04,23,900,1,305290,spout02,5,100,abb,1,5/6/2022,sucrose20,sucrose,20
2022_05_06_abb04,23,1000,0,305290,spout02,5,100,abb,1,5/6/2022,sucrose20,sucrose,20
2022_05_06_abb04,23,1100,1,305290,spout02,5,100,abb,1,5/6/2022,sucrose20,sucrose,20
2022_05_06_abb04,23,1200,1,305290,spout02,5,100,abb,1,5/6/2022,sucrose20,sucrose,20
2022_05_06_abb04,23,1300,1,305290,spout02,5,100,abb,1,5/6/2022,sucrose20,sucrose,20
2022_05_06_abb04,23,1400,1,305290,spout02,5,100,abb,1,5/6/2022,sucrose20,sucrose,20
2022_05_06_abb04,23,1500,0,305290,spout02,5,100,abb,1,5/6/2022,sucrose20,sucrose,20
2022_05_06_abb04,23,1600,1,305290,spout02,5,100,abb,1,5/6/2022,sucrose20,sucrose,20
2022_05_06_abb04,23,1700,1,305290,spout02,5,100,abb,1,5/6/2022,sucrose20,sucrose,20
2022_05_06_abb04,23,1800,1,305290,spout02,5,100,abb,1,5/6/2022,sucrose20,sucrose,20
2022_05_06_abb04,23,1900,1,305290,spout02,5,100,abb,1,5/6/2022,sucrose20,sucrose,20
2022_05_06_abb04,23,2000,0,305290,spout02,5,100,abb,1,5/6/2022,sucrose20,sucrose,20
2022_05_06_abb04,23,2100,1,305290,spout02,5,100,abb,1,5/6/2022,sucrose20,sucrose,20
2022_05_06_abb04,23,2200,1,305290,spout02,5,100,abb,1,5/6/2022,sucrose20,sucrose,20
2022_05_06_abb04,23,2300,1,305290,spout02,5,100,abb,1,5/6/2022,sucrose20,sucrose,20
2022_05_06_abb04,23,2400,1,305290,spout02,5,100,abb,1,5/6/2022,sucrose20,sucrose,20
2022_05_06_abb04,23,2500,0,305290,spout02,5,100,abb,1,5/6/2022,sucrose20,sucrose,20
2022_05_06_abb04,23,2600,1,305290,spout02,5,100,abb,1,5/6/2022,sucrose20,sucrose,20
2022_05_06_abb04,23,2700,1,305290,spout02,5,100,abb,1,5/6/2022,sucrose20,sucrose,20
2022_05_06_abb04,23,2800,1,305290,spout02,5,100,abb,1,5/6/2022,sucrose20,sucrose,20
2022_05_06_abb04,23,2900,1,305290,spout02,5,100,abb,1,5/6/2022,sucrose20,sucrose,20
2022_05_06_abb04,24,0,0,319707,spout01,5,100,abb,1,5/6/2022,sucrose05,sucrose,5
2022_05_06_abb04,24,100,1,319707,spout01,5,100,abb,1,5/6/2022,sucrose05,sucrose,5
2022_05_06_abb04,24,200,0,319707,spout01,5,100,abb,1,5/6/2022,sucrose05,sucrose,5
2022_05_06_abb04,24,300,1,319707,spout01,5,100,abb,1,5/6/2022,sucrose05,sucrose,5
2022_05_06_abb04,24,400,1,319707,spout01,5,100,abb,1,5/6/2022,sucrose05,sucrose,5
2022_05_06_abb04,24,500,1,319707,spout01,5,100,abb,1,5/6/2022,sucrose05,sucrose,5
2022_05_06_abb04,24,600,1,319707,spout01,5,100,abb,1,5/6/2022,sucrose05,sucrose,5
2022_05_06_abb04,24,700,1,319707,spout01,5,100,abb,1,5/6/2022,sucrose05,sucrose,5
2022_05_06_abb04,24,800,0,319707,spout01,5,100,abb,1,5/6/2022,sucrose05,sucrose,5
2022_05_06_abb04,24,900,1,319707,spout01,5,100,abb,1,5/6/2022,sucrose05,sucrose,5
2022_05_06_abb04,24,1000,1,319707,spout01,5,100,abb,1,5/6/2022,sucrose05,sucrose,5
2022_05_06_abb04,24,1100,1,319707,spout01,5,100,abb,1,5/6/2022,sucrose05,sucrose,5
2022_05_06_abb04,24,1200,1,319707,spout01,5,100,abb,1,5/6/2022,sucrose05,sucrose,5
2022_05_06_abb04,24,1300,1,319707,spout01,5,100,abb,1,5/6/2022,sucrose05,sucrose,5
2022_05_06_abb04,24,1400,0,319707,spout01,5,100,abb,1,5/6/2022,sucrose05,sucrose,5
2022_05_06_abb04,24,1500,1,319707,spout01,5,100,abb,1,5/6/2022,sucrose05,sucrose,5
2022_05_06_abb04,24,1600,1,319707,spout01,5,100,abb,1,5/6/2022,sucrose05,sucrose,5
2022_05_06_abb04,24,1700,1,319707,spout01,5,100,abb,1,5/6/2022,sucrose05,sucrose,5
2022_05_06_abb04,24,1800,0,319707,spout01,5,100,abb,1,5/6/2022,sucrose05,sucrose,5
2022_05_06_abb04,24,1900,1,319707,spout01,5,100,abb,1,5/6/2022,sucrose05,sucrose,5
2022_05_06_abb04,24,2000,1,319707,spout01,5,100,abb,1,5/6/2022,sucrose05,sucrose,5
2022_05_06_abb04,24,2100,1,319707,spout01,5,100,abb,1,5/6/2022,sucrose05,sucrose,5
2022_05_06_abb04,24,2200,1,319707,spout01,5,100,abb,1,5/6/2022,sucrose05,sucrose,5
2022_05_06_abb04,24,2300,0,319707,spout01,5,100,abb,1,5/6/2022,sucrose05,sucrose,5
2022_05_06_abb04,24,2400,1,319707,spout01,5,100,abb,1,5/6/2022,sucrose05,sucrose,5
2022_05_06_abb04,24,2500,1,319707,spout01,5,100,abb,1,5/6/2022,sucrose05,sucrose,5
2022_05_06_abb04,24,2600,1,319707,spout01,5,100,abb,1,5/6/2022,sucrose05,sucrose,5
2022_05_06_abb04,24,2700,1,319707,spout01,5,100,abb,1,5/6/2022,sucrose05,sucrose,5
2022_05_06_abb04,24,2800,0,319707,spout01,5,100,abb,1,5/6/2022,sucrose05,sucrose,5
2022_05_06_abb04,24,2900,1,319707,spout01,5,100,abb,1,5/6/2022,sucrose05,sucrose,5
2022_05_06_abb04,25,0,0,331771,spout02,6,100,abb,1,5/6/2022,sucrose20,sucrose,20
2022_05_06_abb04,25,100,1,331771,spout02,6,100,abb,1,5/6/2022,sucrose20,sucrose,20
2022_05_06_abb04,25,200,1,331771,spout02,6,100,abb,1,5/6/2022,sucrose20,sucrose,20
2022_05_06_abb04,25,300,1,331771,spout02,6,100,abb,1,5/6/2022,sucrose20,sucrose,20
2022_05_06_abb04,25,400,0,331771,spout02,6,100,abb,1,5/6/2022,sucrose20,sucrose,20
2022_05_06_abb04,25,500,1,331771,spout02,6,100,abb,1,5/6/2022,sucrose20,sucrose,20
2022_05_06_abb04,25,600,0,331771,spout02,6,100,abb,1,5/6/2022,sucrose20,sucrose,20
2022_05_06_abb04,25,700,0,331771,spout02,6,100,abb,1,5/6/2022,sucrose20,sucrose,20
2022_05_06_abb04,25,800,1,331771,spout02,6,100,abb,1,5/6/2022,sucrose20,sucrose,20
2022_05_06_abb04,25,900,1,331771,spout02,6,100,abb,1,5/6/2022,sucrose20,sucrose,20
2022_05_06_abb04,25,1000,1,331771,spout02,6,100,abb,1,5/6/2022,sucrose20,sucrose,20
2022_05_06_abb04,25,1100,0,331771,spout02,6,100,abb,1,5/6/2022,sucrose20,sucrose,20
2022_05_06_abb04,25,1200,1,331771,spout02,6,100,abb,1,5/6/2022,sucrose20,sucrose,20
2022_05_06_abb04,25,1300,1,331771,spout02,6,100,abb,1,5/6/2022,sucrose20,sucrose,20
2022_05_06_abb04,25,1400,1,331771,spout02,6,100,abb,1,5/6/2022,sucrose20,sucrose,20
2022_05_06_abb04,25,1500,1,331771,spout02,6,100,abb,1,5/6/2022,sucrose20,sucrose,20
2022_05_06_abb04,25,1600,1,331771,spout02,6,100,abb,1,5/6/2022,sucrose20,sucrose,20
2022_05_06_abb04,25,1700,0,331771,spout02,6,100,abb,1,5/6/2022,sucrose20,sucrose,20
2022_05_06_abb04,25,1800,0,331771,spout02,6,100,abb,1,5/6/2022,sucrose20,sucrose,20
2022_05_06_abb04,25,1900,1,331771,spout02,6,100,abb,1,5/6/2022,sucrose20,sucrose,20
2022_05_06_abb04,25,2000,1,331771,spout02,6,100,abb,1,5/6/2022,sucrose20,sucrose,20
2022_05_06_abb04,25,2100,0,331771,spout02,6,100,abb,1,5/6/2022,sucrose20,sucrose,20
2022_05_06_abb04,25,2200,1,331771,spout02,6,100,abb,1,5/6/2022,sucrose20,sucrose,20
2022_05_06_abb04,25,2300,1,331771,spout02,6,100,abb,1,5/6/2022,sucrose20,sucrose,20
2022_05_06_abb04,25,2400,1,331771,spout02,6,100,abb,1,5/6/2022,sucrose20,sucrose,20
2022_05_06_abb04,25,2500,1,331771,spout02,6,100,abb,1,5/6/2022,sucrose20,sucrose,20
2022_05_06_abb04,25,2600,0,331771,spout02,6,100,abb,1,5/6/2022,sucrose20,sucrose,20
2022_05_06_abb04,25,2700,0,331771,spout02,6,100,abb,1,5/6/2022,sucrose20,sucrose,20
2022_05_06_abb04,25,2800,1,331771,spout02,6,100,abb,1,5/6/2022,sucrose20,sucrose,20
2022_05_06_abb04,25,2900,1,331771,spout02,6,100,abb,1,5/6/2022,sucrose20,sucrose,20
2022_05_06_abb04,26,0,0,344396,spout05,6,100,abb,1,5/6/2022,sucrose10,sucrose,10
2022_05_06_abb04,26,100,1,344396,spout05,6,100,abb,1,5/6/2022,sucrose10,sucrose,10
2022_05_06_abb04,26,200,1,344396,spout05,6,100,abb,1,5/6/2022,sucrose10,sucrose,10
2022_05_06_abb04,26,300,1,344396,spout05,6,100,abb,1,5/6/2022,sucrose10,sucrose,10
2022_05_06_abb04,26,400,1,344396,spout05,6,100,abb,1,5/6/2022,sucrose10,sucrose,10
2022_05_06_abb04,26,500,1,344396,spout05,6,100,abb,1,5/6/2022,sucrose10,sucrose,10
2022_05_06_abb04,26,600,1,344396,spout05,6,100,abb,1,5/6/2022,sucrose10,sucrose,10
2022_05_06_abb04,26,700,0,344396,spout05,6,100,abb,1,5/6/2022,sucrose10,sucrose,10
2022_05_06_abb04,26,800,1,344396,spout05,6,100,abb,1,5/6/2022,sucrose10,sucrose,10
2022_05_06_abb04,26,900,1,344396,spout05,6,100,abb,1,5/6/2022,sucrose10,sucrose,10
2022_05_06_abb04,26,1000,1,344396,spout05,6,100,abb,1,5/6/2022,sucrose10,sucrose,10
2022_05_06_abb04,26,1100,1,344396,spout05,6,100,abb,1,5/6/2022,sucrose10,sucrose,10
2022_05_06_abb04,26,1200,1,344396,spout05,6,100,abb,1,5/6/2022,sucrose10,sucrose,10
2022_05_06_abb04,26,1300,0,344396,spout05,6,100,abb,1,5/6/2022,sucrose10,sucrose,10
2022_05_06_abb04,26,1400,1,344396,spout05,6,100,abb,1,5/6/2022,sucrose10,sucrose,10
2022_05_06_abb04,26,1500,1,344396,spout05,6,100,abb,1,5/6/2022,sucrose10,sucrose,10
2022_05_06_abb04,26,1600,1,344396,spout05,6,100,abb,1,5/6/2022,sucrose10,sucrose,10
2022_05_06_abb04,26,1700,1,344396,spout05,6,100,abb,1,5/6/2022,sucrose10,sucrose,10
2022_05_06_abb04,26,1800,1,344396,spout05,6,100,abb,1,5/6/2022,sucrose10,sucrose,10
2022_05_06_abb04,26,1900,0,344396,spout05,6,100,abb,1,5/6/2022,sucrose10,sucrose,10
2022_05_06_abb04,26,2000,1,344396,spout05,6,100,abb,1,5/6/2022,sucrose10,sucrose,10
2022_05_06_abb04,26,2100,1,344396,spout05,6,100,abb,1,5/6/2022,sucrose10,sucrose,10
2022_05_06_abb04,26,2200,0,344396,spout05,6,100,abb,1,5/6/2022,sucrose10,sucrose,10
2022_05_06_abb04,26,2300,1,344396,spout05,6,100,abb,1,5/6/2022,sucrose10,sucrose,10
2022_05_06_abb04,26,2400,0,344396,spout05,6,100,abb,1,5/6/2022,sucrose10,sucrose,10
2022_05_06_abb04,26,2500,0,344396,spout05,6,100,abb,1,5/6/2022,sucrose10,sucrose,10
2022_05_06_abb04,26,2600,0,344396,spout05,6,100,abb,1,5/6/2022,sucrose10,sucrose,10
2022_05_06_abb04,26,2700,1,344396,spout05,6,100,abb,1,5/6/2022,sucrose10,sucrose,10
2022_05_06_abb04,26,2800,1,344396,spout05,6,100,abb,1,5/6/2022,sucrose10,sucrose,10
2022_05_06_abb04,26,2900,0,344396,spout05,6,100,abb,1,5/6/2022,sucrose10,sucrose,10
2022_05_06_abb04,27,0,0,355680,spout03,5,100,abb,1,5/6/2022,sucrose00,sucrose,0
2022_05_06_abb04,27,100,1,355680,spout03,5,100,abb,1,5/6/2022,sucrose00,sucrose,0
2022_05_06_abb04,27,200,0,355680,spout03,5,100,abb,1,5/6/2022,sucrose00,sucrose,0
2022_05_06_abb04,27,300,1,355680,spout03,5,100,abb,1,5/6/2022,sucrose00,sucrose,0
2022_05_06_abb04,27,400,1,355680,spout03,5,100,abb,1,5/6/2022,sucrose00,sucrose,0
2022_05_06_abb04,27,500,0,355680,spout03,5,100,abb,1,5/6/2022,sucrose00,sucrose,0
2022_05_06_abb04,27,600,1,355680,spout03,5,100,abb,1,5/6/2022,sucrose00,sucrose,0
2022_05_06_abb04,27,700,1,355680,spout03,5,100,abb,1,5/6/2022,sucrose00,sucrose,0
2022_05_06_abb04,27,800,1,355680,spout03,5,100,abb,1,5/6/2022,sucrose00,sucrose,0
2022_05_06_abb04,27,900,0,355680,spout03,5,100,abb,1,5/6/2022,sucrose00,sucrose,0
2022_05_06_abb04,27,1000,0,355680,spout03,5,100,abb,1,5/6/2022,sucrose00,sucrose,0
2022_05_06_abb04,27,1100,0,355680,spout03,5,100,abb,1,5/6/2022,sucrose00,sucrose,0
2022_05_06_abb04,27,1200,1,355680,spout03,5,100,abb,1,5/6/2022,sucrose00,sucrose,0
2022_05_06_abb04,27,1300,1,355680,spout03,5,100,abb,1,5/6/2022,sucrose00,sucrose,0
2022_05_06_abb04,27,1400,0,355680,spout03,5,100,abb,1,5/6/2022,sucrose00,sucrose,0
2022_05_06_abb04,27,1500,0,355680,spout03,5,100,abb,1,5/6/2022,sucrose00,sucrose,0
2022_05_06_abb04,27,1600,1,355680,spout03,5,100,abb,1,5/6/2022,sucrose00,sucrose,0
2022_05_06_abb04,27,1700,0,355680,spout03,5,100,abb,1,5/6/2022,sucrose00,sucrose,0
2022_05_06_abb04,27,1800,1,355680,spout03,5,100,abb,1,5/6/2022,sucrose00,sucrose,0
2022_05_06_abb04,27,1900,0,355680,spout03,5,100,abb,1,5/6/2022,sucrose00,sucrose,0
2022_05_06_abb04,27,2000,0,355680,spout03,5,100,abb,1,5/6/2022,sucrose00,sucrose,0
2022_05_06_abb04,27,2100,1,355680,spout03,5,100,abb,1,5/6/2022,sucrose00,sucrose,0
2022_05_06_abb04,27,2200,1,355680,spout03,5,100,abb,1,5/6/2022,sucrose00,sucrose,0
2022_05_06_abb04,27,2300,0,355680,spout03,5,100,abb,1,5/6/2022,sucrose00,sucrose,0
2022_05_06_abb04,27,2400,0,355680,spout03,5,100,abb,1,5/6/2022,sucrose00,sucrose,0
2022_05_06_abb04,27,2500,0,355680,spout03,5,100,abb,1,5/6/2022,sucrose00,sucrose,0
2022_05_06_abb04,27,2600,1,355680,spout03,5,100,abb,1,5/6/2022,sucrose00,sucrose,0
2022_05_06_abb04,27,2700,0,355680,spout03,5,100,abb,1,5/6/2022,sucrose00,sucrose,0
2022_05_06_abb04,27,2800,1,355680,spout03,5,100,abb,1,5/6/2022,sucrose00,sucrose,0
2022_05_06_abb04,27,2900,0,355680,spout03,5,100,abb,1,5/6/2022,sucrose00,sucrose,0
2022_05_06_abb04,28,0,0,368493,spout03,6,100,abb,1,5/6/2022,sucrose00,sucrose,0
2022_05_06_abb04,28,100,1,368493,spout03,6,100,abb,1,5/6/2022,sucrose00,sucrose,0
2022_05_06_abb04,28,200,1,368493,spout03,6,100,abb,1,5/6/2022,sucrose00,sucrose,0
2022_05_06_abb04,28,300,1,368493,spout03,6,100,abb,1,5/6/2022,sucrose00,sucrose,0
2022_05_06_abb04,28,400,0,368493,spout03,6,100,abb,1,5/6/2022,sucrose00,sucrose,0
2022_05_06_abb04,28,500,1,368493,spout03,6,100,abb,1,5/6/2022,sucrose00,sucrose,0
2022_05_06_abb04,28,600,1,368493,spout03,6,100,abb,1,5/6/2022,sucrose00,sucrose,0
2022_05_06_abb04,28,700,1,368493,spout03,6,100,abb,1,5/6/2022,sucrose00,sucrose,0
2022_05_06_abb04,28,800,0,368493,spout03,6,100,abb,1,5/6/2022,sucrose00,sucrose,0
2022_05_06_abb04,28,900,0,368493,spout03,6,100,abb,1,5/6/2022,sucrose00,sucrose,0
2022_05_06_abb04,28,1000,1,368493,spout03,6,100,abb,1,5/6/2022,sucrose00,sucrose,0
2022_05_06_abb04,28,1100,1,368493,spout03,6,100,abb,1,5/6/2022,sucrose00,sucrose,0
2022_05_06_abb04,28,1200,0,368493,spout03,6,100,abb,1,5/6/2022,sucrose00,sucrose,0
2022_05_06_abb04,28,1300,1,368493,spout03,6,100,abb,1,5/6/2022,sucrose00,sucrose,0
2022_05_06_abb04,28,1400,1,368493,spout03,6,100,abb,1,5/6/2022,sucrose00,sucrose,0
2022_05_06_abb04,28,1500,0,368493,spout03,6,100,abb,1,5/6/2022,sucrose00,sucrose,0
2022_05_06_abb04,28,1600,1,368493,spout03,6,100,abb,1,5/6/2022,sucrose00,sucrose,0
2022_05_06_abb04,28,1700,0,368493,spout03,6,100,abb,1,5/6/2022,sucrose00,sucrose,0
2022_05_06_abb04,28,1800,0,368493,spout03,6,100,abb,1,5/6/2022,sucrose00,sucrose,0
2022_05_06_abb04,28,1900,0,368493,spout03,6,100,abb,1,5/6/2022,sucrose00,sucrose,0
2022_05_06_abb04,28,2000,1,368493,spout03,6,100,abb,1,5/6/2022,sucrose00,sucrose,0
2022_05_06_abb04,28,2100,0,368493,spout03,6,100,abb,1,5/6/2022,sucrose00,sucrose,0
2022_05_06_abb04,28,2200,1,368493,spout03,6,100,abb,1,5/6/2022,sucrose00,sucrose,0
2022_05_06_abb04,28,2300,1,368493,spout03,6,100,abb,1,5/6/2022,sucrose00,sucrose,0
2022_05_06_abb04,28,2400,0,368493,spout03,6,100,abb,1,5/6/2022,sucrose00,sucrose,0
2022_05_06_abb04,28,2500,0,368493,spout03,6,100,abb,1,5/6/2022,sucrose00,sucrose,0
2022_05_06_abb04,28,2600,0,368493,spout03,6,100,abb,1,5/6/2022,sucrose00,sucrose,0
2022_05_06_abb04,28,2700,0,368493,spout03,6,100,abb,1,5/6/2022,sucrose00,sucrose,0
2022_05_06_abb04,28,2800,1,368493,spout03,6,100,abb,1,5/6/2022,sucrose00,sucrose,0
2022_05_06_abb04,28,2900,1,368493,spout03,6,100,abb,1,5/6/2022,sucrose00,sucrose,0
2022_05_06_abb04,29,0,0,381162,spout01,6,100,abb,1,5/6/2022,sucrose05,sucrose,5
2022_05_06_abb04,29,100,1,381162,spout01,6,100,abb,1,5/6/2022,sucrose05,sucrose,5
2022_05_06_abb04,29,200,1,381162,spout01,6,100,abb,1,5/6/2022,sucrose05,sucrose,5
2022_05_06_abb04,29,300,1,381162,spout01,6,100,abb,1,5/6/2022,sucrose05,sucrose,5
2022_05_06_abb04,29,400,1,381162,spout01,6,100,abb,1,5/6/2022,sucrose05,sucrose,5
2022_05_06_abb04,29,500,1,381162,spout01,6,100,abb,1,5/6/2022,sucrose05,sucrose,5
2022_05_06_abb04,29,600,0,381162,spout01,6,100,abb,1,5/6/2022,sucrose05,sucrose,5
2022_05_06_abb04,29,700,1,381162,spout01,6,100,abb,1,5/6/2022,sucrose05,sucrose,5
2022_05_06_abb04,29,800,1,381162,spout01,6,100,abb,1,5/6/2022,sucrose05,sucrose,5
2022_05_06_abb04,29,900,1,381162,spout01,6,100,abb,1,5/6/2022,sucrose05,sucrose,5
2022_05_06_abb04,29,1000,1,381162,spout01,6,100,abb,1,5/6/2022,sucrose05,sucrose,5
2022_05_06_abb04,29,1100,0,381162,spout01,6,100,abb,1,5/6/2022,sucrose05,sucrose,5
2022_05_06_abb04,29,1200,1,381162,spout01,6,100,abb,1,5/6/2022,sucrose05,sucrose,5
2022_05_06_abb04,29,1300,1,381162,spout01,6,100,abb,1,5/6/2022,sucrose05,sucrose,5
2022_05_06_abb04,29,1400,1,381162,spout01,6,100,abb,1,5/6/2022,sucrose05,sucrose,5
2022_05_06_abb04,29,1500,0,381162,spout01,6,100,abb,1,5/6/2022,sucrose05,sucrose,5
2022_05_06_abb04,29,1600,0,381162,spout01,6,100,abb,1,5/6/2022,sucrose05,sucrose,5
2022_05_06_abb04,29,1700,1,381162,spout01,6,100,abb,1,5/6/2022,sucrose05,sucrose,5
2022_05_06_abb04,29,1800,1,381162,spout01,6,100,abb,1,5/6/2022,sucrose05,sucrose,5
2022_05_06_abb04,29,1900,1,381162,spout01,6,100,abb,1,5/6/2022,sucrose05,sucrose,5
2022_05_06_abb04,29,2000,0,381162,spout01,6,100,abb,1,5/6/2022,sucrose05,sucrose,5
2022_05_06_abb04,29,2100,0,381162,spout01,6,100,abb,1,5/6/2022,sucrose05,sucrose,5
2022_05_06_abb04,29,2200,1,381162,spout01,6,100,abb,1,5/6/2022,sucrose05,sucrose,5
2022_05_06_abb04,29,2300,0,381162,spout01,6,100,abb,1,5/6/2022,sucrose05,sucrose,5
2022_05_06_abb04,29,2400,1,381162,spout01,6,100,abb,1,5/6/2022,sucrose05,sucrose,5
2022_05_06_abb04,29,2500,0,381162,spout01,6,100,abb,1,5/6/2022,sucrose05,sucrose,5
2022_05_06_abb04,29,2600,1,381162,spout01,6,100,abb,1,5/6/2022,sucrose05,sucrose,5
2022_05_06_abb04,29,2700,1,381162,spout01,6,100,abb,1,5/6/2022,sucrose05,sucrose,5
2022_05_06_abb04,29,2800,0,381162,spout01,6,100,abb,1,5/6/2022,sucrose05,sucrose,5
2022_05_06_abb04,29,2900,0,381162,spout01,6,100,abb,1,5/6/2022,sucrose05,sucrose,5
2022_05_06_abb04,30,0,0,395887,spout04,6,100,abb,1,5/6/2022,sucrose30,sucrose,30
2022_05_06_abb04,30,100,1,395887,spout04,6,100,abb,1,5/6/2022,sucrose30,sucrose,30
2022_05_06_abb04,30,200,1,395887,spout04,6,100,abb,1,5/6/2022,sucrose30,sucrose,30
2022_05_06_abb04,30,300,0,395887,spout04,6,100,abb,1,5/6/2022,sucrose30,sucrose,30
2022_05_06_abb04,30,400,1,395887,spout04,6,100,abb,1,5/6/2022,sucrose30,sucrose,30
2022_05_06_abb04,30,500,0,395887,spout04,6,100,abb,1,5/6/2022,sucrose30,sucrose,30
2022_05_06_abb04,30,600,1,395887,spout04,6,100,abb,1,5/6/2022,sucrose30,sucrose,30
2022_05_06_abb04,30,700,0,395887,spout04,6,100,abb,1,5/6/2022,sucrose30,sucrose,30
2022_05_06_abb04,30,800,0,395887,spout04,6,100,abb,1,5/6/2022,sucrose30,sucrose,30
2022_05_06_abb04,30,900,1,395887,spout04,6,100,abb,1,5/6/2022,sucrose30,sucrose,30
2022_05_06_abb04,30,1000,1,395887,spout04,6,100,abb,1,5/6/2022,sucrose30,sucrose,30
2022_05_06_abb04,30,1100,1,395887,spout04,6,100,abb,1,5/6/2022,sucrose30,sucrose,30
2022_05_06_abb04,30,1200,1,395887,spout04,6,100,abb,1,5/6/2022,sucrose30,sucrose,30
2022_05_06_abb04,30,1300,1,395887,spout04,6,100,abb,1,5/6/2022,sucrose30,sucrose,30
2022_05_06_abb04,30,1400,1,395887,spout04,6,100,abb,1,5/6/2022,sucrose30,sucrose,30
2022_05_06_abb04,30,1500,0,395887,spout04,6,100,abb,1,5/6/2022,sucrose30,sucrose,30
2022_05_06_abb04,30,1600,1,395887,spout04,6,100,abb,1,5/6/2022,sucrose30,sucrose,30
2022_05_06_abb04,30,1700,1,395887,spout04,6,100,abb,1,5/6/2022,sucrose30,sucrose,30
2022_05_06_abb04,30,1800,0,395887,spout04,6,100,abb,1,5/6/2022,sucrose30,sucrose,30
2022_05_06_abb04,30,1900,1,395887,spout04,6,100,abb,1,5/6/2022,sucrose30,sucrose,30
2022_05_06_abb04,30,2000,1,395887,spout04,6,100,abb,1,5/6/2022,sucrose30,sucrose,30
2022_05_06_abb04,30,2100,0,395887,spout04,6,100,abb,1,5/6/2022,sucrose30,sucrose,30
2022_05_06_abb04,30,2200,1,395887,spout04,6,100,abb,1,5/6/2022,sucrose30,sucrose,30
2022_05_06_abb04,30,2300,0,395887,spout04,6,100,abb,1,5/6/2022,sucrose30,sucrose,30
2022_05_06_abb04,30,2400,1,395887,spout04,6,100,abb,1,5/6/2022,sucrose30,sucrose,30
2022_05_06_abb04,30,2500,1,395887,spout04,6,100,abb,1,5/6/2022,sucrose30,sucrose,30
2022_05_06_abb04,30,2600,0,395887,spout04,6,100,abb,1,5/6/2022,sucrose30,sucrose,30
2022_05_06_abb04,30,2700,1,395887,spout04,6,100,abb,1,5/6/2022,sucrose30,sucrose,30
2022_05_06_abb04,30,2800,0,395887,spout04,6,100,abb,1,5/6/2022,sucrose30,sucrose,30
2022_05_06_abb04,30,2900,1,395887,spout04,6,100,abb,1,5/6/2022,sucrose30,sucrose,30
2022_05_06_abb04,31,0,0,408967,spout01,7,100,abb,1,5/6/2022,sucrose05,sucrose,5
2022_05_06_abb04,31,100,0,408967,spout01,7,100,abb,1,5/6/2022,sucrose05,sucrose,5
2022_05_06_abb04,31,200,1,408967,spout01,7,100,abb,1,5/6/2022,sucrose05,sucrose,5
2022_05_06_abb04,31,300,1,408967,spout01,7,100,abb,1,5/6/2022,sucrose05,sucrose,5
2022_05_06_abb04,31,400,0,408967,spout01,7,100,abb,1,5/6/2022,sucrose05,sucrose,5
2022_05_06_abb04,31,500,1,408967,spout01,7,100,abb,1,5/6/2022,sucrose05,sucrose,5
2022_05_06_abb04,31,600,1,408967,spout01,7,100,abb,1,5/6/2022,sucrose05,sucrose,5
2022_05_06_abb04,31,700,0,408967,spout01,7,100,abb,1,5/6/2022,sucrose05,sucrose,5
2022_05_06_abb04,31,800,0,408967,spout01,7,100,abb,1,5/6/2022,sucrose05,sucrose,5
2022_05_06_abb04,31,900,1,408967,spout01,7,100,abb,1,5/6/2022,sucrose05,sucrose,5
2022_05_06_abb04,31,1000,1,408967,spout01,7,100,abb,1,5/6/2022,sucrose05,sucrose,5
2022_05_06_abb04,31,1100,0,408967,spout01,7,100,abb,1,5/6/2022,sucrose05,sucrose,5
2022_05_06_abb04,31,1200,0,408967,spout01,7,100,abb,1,5/6/2022,sucrose05,sucrose,5
2022_05_06_abb04,31,1300,1,408967,spout01,7,100,abb,1,5/6/2022,sucrose05,sucrose,5
2022_05_06_abb04,31,1400,0,408967,spout01,7,100,abb,1,5/6/2022,sucrose05,sucrose,5
2022_05_06_abb04,31,1500,0,408967,spout01,7,100,abb,1,5/6/2022,sucrose05,sucrose,5
2022_05_06_abb04,31,1600,0,408967,spout01,7,100,abb,1,5/6/2022,sucrose05,sucrose,5
2022_05_06_abb04,31,1700,1,408967,spout01,7,100,abb,1,5/6/2022,sucrose05,sucrose,5
2022_05_06_abb04,31,1800,0,408967,spout01,7,100,abb,1,5/6/2022,sucrose05,sucrose,5
2022_05_06_abb04,31,1900,1,408967,spout01,7,100,abb,1,5/6/2022,sucrose05,sucrose,5
2022_05_06_abb04,31,2000,0,408967,spout01,7,100,abb,1,5/6/2022,sucrose05,sucrose,5
2022_05_06_abb04,31,2100,1,408967,spout01,7,100,abb,1,5/6/2022,sucrose05,sucrose,5
2022_05_06_abb04,31,2200,0,408967,spout01,7,100,abb,1,5/6/2022,sucrose05,sucrose,5
2022_05_06_abb04,31,2300,0,408967,spout01,7,100,abb,1,5/6/2022,sucrose05,sucrose,5
2022_05_06_abb04,31,2400,0,408967,spout01,7,100,abb,1,5/6/2022,sucrose05,sucrose,5
2022_05_06_abb04,31,2500,0,408967,spout01,7,100,abb,1,5/6/2022,sucrose05,sucrose,5
2022_05_06_abb04,31,2600,0,408967,spout01,7,100,abb,1,5/6/2022,sucrose05,sucrose,5
2022_05_06_abb04,31,2700,0,408967,spout01,7,100,abb,1,5/6/2022,sucrose05,sucrose,5
2022_05_06_abb04,31,2800,0,408967,spout01,7,100,abb,1,5/6/2022,sucrose05,sucrose,5
2022_05_06_abb04,31,2900,0,408967,spout01,7,100,abb,1,5/6/2022,sucrose05,sucrose,5
2022_05_06_abb04,32,0,0,421299,spout05,7,100,abb,1,5/6/2022,sucrose10,sucrose,10
2022_05_06_abb04,32,100,1,421299,spout05,7,100,abb,1,5/6/2022,sucrose10,sucrose,10
2022_05_06_abb04,32,200,0,421299,spout05,7,100,abb,1,5/6/2022,sucrose10,sucrose,10
2022_05_06_abb04,32,300,1,421299,spout05,7,100,abb,1,5/6/2022,sucrose10,sucrose,10
2022_05_06_abb04,32,400,0,421299,spout05,7,100,abb,1,5/6/2022,sucrose10,sucrose,10
2022_05_06_abb04,32,500,1,421299,spout05,7,100,abb,1,5/6/2022,sucrose10,sucrose,10
2022_05_06_abb04,32,600,0,421299,spout05,7,100,abb,1,5/6/2022,sucrose10,sucrose,10
2022_05_06_abb04,32,700,0,421299,spout05,7,100,abb,1,5/6/2022,sucrose10,sucrose,10
2022_05_06_abb04,32,800,1,421299,spout05,7,100,abb,1,5/6/2022,sucrose10,sucrose,10
2022_05_06_abb04,32,900,0,421299,spout05,7,100,abb,1,5/6/2022,sucrose10,sucrose,10
2022_05_06_abb04,32,1000,1,421299,spout05,7,100,abb,1,5/6/2022,sucrose10,sucrose,10
2022_05_06_abb04,32,1100,1,421299,spout05,7,100,abb,1,5/6/2022,sucrose10,sucrose,10
2022_05_06_abb04,32,1200,1,421299,spout05,7,100,abb,1,5/6/2022,sucrose10,sucrose,10
2022_05_06_abb04,32,1300,1,421299,spout05,7,100,abb,1,5/6/2022,sucrose10,sucrose,10
2022_05_06_abb04,32,1400,0,421299,spout05,7,100,abb,1,5/6/2022,sucrose10,sucrose,10
2022_05_06_abb04,32,1500,0,421299,spout05,7,100,abb,1,5/6/2022,sucrose10,sucrose,10
2022_05_06_abb04,32,1600,1,421299,spout05,7,100,abb,1,5/6/2022,sucrose10,sucrose,10
2022_05_06_abb04,32,1700,1,421299,spout05,7,100,abb,1,5/6/2022,sucrose10,sucrose,10
2022_05_06_abb04,32,1800,1,421299,spout05,7,100,abb,1,5/6/2022,sucrose10,sucrose,10
2022_05_06_abb04,32,1900,0,421299,spout05,7,100,abb,1,5/6/2022,sucrose10,sucrose,10
2022_05_06_abb04,32,2000,1,421299,spout05,7,100,abb,1,5/6/2022,sucrose10,sucrose,10
2022_05_06_abb04,32,2100,1,421299,spout05,7,100,abb,1,5/6/2022,sucrose10,sucrose,10
2022_05_06_abb04,32,2200,1,421299,spout05,7,100,abb,1,5/6/2022,sucrose10,sucrose,10
2022_05_06_abb04,32,2300,1,421299,spout05,7,100,abb,1,5/6/2022,sucrose10,sucrose,10
2022_05_06_abb04,32,2400,1,421299,spout05,7,100,abb,1,5/6/2022,sucrose10,sucrose,10
2022_05_06_abb04,32,2500,0,421299,spout05,7,100,abb,1,5/6/2022,sucrose10,sucrose,10
2022_05_06_abb04,32,2600,1,421299,spout05,7,100,abb,1,5/6/2022,sucrose10,sucrose,10
2022_05_06_abb04,32,2700,1,421299,spout05,7,100,abb,1,5/6/2022,sucrose10,sucrose,10
2022_05_06_abb04,32,2800,0,421299,spout05,7,100,abb,1,5/6/2022,sucrose10,sucrose,10
2022_05_06_abb04,32,2900,1,421299,spout05,7,100,abb,1,5/6/2022,sucrose10,sucrose,10
2022_05_06_abb04,33,0,0,432773,spout02,7,100,abb,1,5/6/2022,sucrose20,sucrose,20
2022_05_06_abb04,33,100,0,432773,spout02,7,100,abb,1,5/6/2022,sucrose20,sucrose,20
2022_05_06_abb04,33,200,0,432773,spout02,7,100,abb,1,5/6/2022,sucrose20,sucrose,20
2022_05_06_abb04,33,300,1,432773,spout02,7,100,abb,1,5/6/2022,sucrose20,sucrose,20
2022_05_06_abb04,33,400,0,432773,spout02,7,100,abb,1,5/6/2022,sucrose20,sucrose,20
2022_05_06_abb04,33,500,1,432773,spout02,7,100,abb,1,5/6/2022,sucrose20,sucrose,20
2022_05_06_abb04,33,600,0,432773,spout02,7,100,abb,1,5/6/2022,sucrose20,sucrose,20
2022_05_06_abb04,33,700,1,432773,spout02,7,100,abb,1,5/6/2022,sucrose20,sucrose,20
2022_05_06_abb04,33,800,0,432773,spout02,7,100,abb,1,5/6/2022,sucrose20,sucrose,20
2022_05_06_abb04,33,900,1,432773,spout02,7,100,abb,1,5/6/2022,sucrose20,sucrose,20
2022_05_06_abb04,33,1000,1,432773,spout02,7,100,abb,1,5/6/2022,sucrose20,sucrose,20
2022_05_06_abb04,33,1100,0,432773,spout02,7,100,abb,1,5/6/2022,sucrose20,sucrose,20
2022_05_06_abb04,33,1200,1,432773,spout02,7,100,abb,1,5/6/2022,sucrose20,sucrose,20
2022_05_06_abb04,33,1300,0,432773,spout02,7,100,abb,1,5/6/2022,sucrose20,sucrose,20
2022_05_06_abb04,33,1400,1,432773,spout02,7,100,abb,1,5/6/2022,sucrose20,sucrose,20
2022_05_06_abb04,33,1500,0,432773,spout02,7,100,abb,1,5/6/2022,sucrose20,sucrose,20
2022_05_06_abb04,33,1600,1,432773,spout02,7,100,abb,1,5/6/2022,sucrose20,sucrose,20
2022_05_06_abb04,33,1700,0,432773,spout02,7,100,abb,1,5/6/2022,sucrose20,sucrose,20
2022_05_06_abb04,33,1800,1,432773,spout02,7,100,abb,1,5/6/2022,sucrose20,sucrose,20
2022_05_06_abb04,33,1900,1,432773,spout02,7,100,abb,1,5/6/2022,sucrose20,sucrose,20
2022_05_06_abb04,33,2000,1,432773,spout02,7,100,abb,1,5/6/2022,sucrose20,sucrose,20
2022_05_06_abb04,33,2100,0,432773,spout02,7,100,abb,1,5/6/2022,sucrose20,sucrose,20
2022_05_06_abb04,33,2200,1,432773,spout02,7,100,abb,1,5/6/2022,sucrose20,sucrose,20
2022_05_06_abb04,33,2300,0,432773,spout02,7,100,abb,1,5/6/2022,sucrose20,sucrose,20
2022_05_06_abb04,33,2400,1,432773,spout02,7,100,abb,1,5/6/2022,sucrose20,sucrose,20
2022_05_06_abb04,33,2500,0,432773,spout02,7,100,abb,1,5/6/2022,sucrose20,sucrose,20
2022_05_06_abb04,33,2600,1,432773,spout02,7,100,abb,1,5/6/2022,sucrose20,sucrose,20
2022_05_06_abb04,33,2700,0,432773,spout02,7,100,abb,1,5/6/2022,sucrose20,sucrose,20
2022_05_06_abb04,33,2800,1,432773,spout02,7,100,abb,1,5/6/2022,sucrose20,sucrose,20
2022_05_06_abb04,33,2900,0,432773,spout02,7,100,abb,1,5/6/2022,sucrose20,sucrose,20
2022_05_06_abb04,34,0,0,446245,spout04,7,100,abb,1,5/6/2022,sucrose30,sucrose,30
2022_05_06_abb04,34,100,0,446245,spout04,7,100,abb,1,5/6/2022,sucrose30,sucrose,30
2022_05_06_abb04,34,200,0,446245,spout04,7,100,abb,1,5/6/2022,sucrose30,sucrose,30
2022_05_06_abb04,34,300,1,446245,spout04,7,100,abb,1,5/6/2022,sucrose30,sucrose,30
2022_05_06_abb04,34,400,1,446245,spout04,7,100,abb,1,5/6/2022,sucrose30,sucrose,30
2022_05_06_abb04,34,500,1,446245,spout04,7,100,abb,1,5/6/2022,sucrose30,sucrose,30
2022_05_06_abb04,34,600,0,446245,spout04,7,100,abb,1,5/6/2022,sucrose30,sucrose,30
2022_05_06_abb04,34,700,0,446245,spout04,7,100,abb,1,5/6/2022,sucrose30,sucrose,30
2022_05_06_abb04,34,800,1,446245,spout04,7,100,abb,1,5/6/2022,sucrose30,sucrose,30
2022_05_06_abb04,34,900,1,446245,spout04,7,100,abb,1,5/6/2022,sucrose30,sucrose,30
2022_05_06_abb04,34,1000,0,446245,spout04,7,100,abb,1,5/6/2022,sucrose30,sucrose,30
2022_05_06_abb04,34,1100,0,446245,spout04,7,100,abb,1,5/6/2022,sucrose30,sucrose,30
2022_05_06_abb04,34,1200,0,446245,spout04,7,100,abb,1,5/6/2022,sucrose30,sucrose,30
2022_05_06_abb04,34,1300,1,446245,spout04,7,100,abb,1,5/6/2022,sucrose30,sucrose,30
2022_05_06_abb04,34,1400,1,446245,spout04,7,100,abb,1,5/6/2022,sucrose30,sucrose,30
2022_05_06_abb04,34,1500,0,446245,spout04,7,100,abb,1,5/6/2022,sucrose30,sucrose,30
2022_05_06_abb04,34,1600,1,446245,spout04,7,100,abb,1,5/6/2022,sucrose30,sucrose,30
2022_05_06_abb04,34,1700,0,446245,spout04,7,100,abb,1,5/6/2022,sucrose30,sucrose,30
2022_05_06_abb04,34,1800,0,446245,spout04,7,100,abb,1,5/6/2022,sucrose30,sucrose,30
2022_05_06_abb04,34,1900,1,446245,spout04,7,100,abb,1,5/6/2022,sucrose30,sucrose,30
2022_05_06_abb04,34,2000,1,446245,spout04,7,100,abb,1,5/6/2022,sucrose30,sucrose,30
2022_05_06_abb04,34,2100,1,446245,spout04,7,100,abb,1,5/6/2022,sucrose30,sucrose,30
2022_05_06_abb04,34,2200,0,446245,spout04,7,100,abb,1,5/6/2022,sucrose30,sucrose,30
2022_05_06_abb04,34,2300,1,446245,spout04,7,100,abb,1,5/6/2022,sucrose30,sucrose,30
2022_05_06_abb04,34,2400,1,446245,spout04,7,100,abb,1,5/6/2022,sucrose30,sucrose,30
2022_05_06_abb04,34,2500,0,446245,spout04,7,100,abb,1,5/6/2022,sucrose30,sucrose,30
2022_05_06_abb04,34,2600,0,446245,spout04,7,100,abb,1,5/6/2022,sucrose30,sucrose,30
2022_05_06_abb04,34,2700,1,446245,spout04,7,100,abb,1,5/6/2022,sucrose30,sucrose,30
2022_05_06_abb04,34,2800,0,446245,spout04,7,100,abb,1,5/6/2022,sucrose30,sucrose,30
2022_05_06_abb04,34,2900,1,446245,spout04,7,100,abb,1,5/6/2022,sucrose30,sucrose,30
2022_05_06_abb04,35,0,0,461365,spout03,7,100,abb,1,5/6/2022,sucrose00,sucrose,0
2022_05_06_abb04,35,100,0,461365,spout03,7,100,abb,1,5/6/2022,sucrose00,sucrose,0
2022_05_06_abb04,35,200,1,461365,spout03,7,100,abb,1,5/6/2022,sucrose00,sucrose,0
2022_05_06_abb04,35,300,1,461365,spout03,7,100,abb,1,5/6/2022,sucrose00,sucrose,0
2022_05_06_abb04,35,400,0,461365,spout03,7,100,abb,1,5/6/2022,sucrose00,sucrose,0
2022_05_06_abb04,35,500,0,461365,spout03,7,100,abb,1,5/6/2022,sucrose00,sucrose,0
2022_05_06_abb04,35,600,0,461365,spout03,7,100,abb,1,5/6/2022,sucrose00,sucrose,0
2022_05_06_abb04,35,700,1,461365,spout03,7,100,abb,1,5/6/2022,sucrose00,sucrose,0
2022_05_06_abb04,35,800,0,461365,spout03,7,100,abb,1,5/6/2022,sucrose00,sucrose,0
2022_05_06_abb04,35,900,1,461365,spout03,7,100,abb,1,5/6/2022,sucrose00,sucrose,0
2022_05_06_abb04,35,1000,0,461365,spout03,7,100,abb,1,5/6/2022,sucrose00,sucrose,0
2022_05_06_abb04,35,1100,1,461365,spout03,7,100,abb,1,5/6/2022,sucrose00,sucrose,0
2022_05_06_abb04,35,1200,0,461365,spout03,7,100,abb,1,5/6/2022,sucrose00,sucrose,0
2022_05_06_abb04,35,1300,0,461365,spout03,7,100,abb,1,5/6/2022,sucrose00,sucrose,0
2022_05_06_abb04,35,1400,1,461365,spout03,7,100,abb,1,5/6/2022,sucrose00,sucrose,0
2022_05_06_abb04,35,1500,0,461365,spout03,7,100,abb,1,5/6/2022,sucrose00,sucrose,0
2022_05_06_abb04,35,1600,1,461365,spout03,7,100,abb,1,5/6/2022,sucrose00,sucrose,0
2022_05_06_abb04,35,1700,0,461365,spout03,7,100,abb,1,5/6/2022,sucrose00,sucrose,0
2022_05_06_abb04,35,1800,0,461365,spout03,7,100,abb,1,5/6/2022,sucrose00,sucrose,0
2022_05_06_abb04,35,1900,0,461365,spout03,7,100,abb,1,5/6/2022,sucrose00,sucrose,0
2022_05_06_abb04,35,2000,1,461365,spout03,7,100,abb,1,5/6/2022,sucrose00,sucrose,0
2022_05_06_abb04,35,2100,0,461365,spout03,7,100,abb,1,5/6/2022,sucrose00,sucrose,0
2022_05_06_abb04,35,2200,0,461365,spout03,7,100,abb,1,5/6/2022,sucrose00,sucrose,0
2022_05_06_abb04,35,2300,0,461365,spout03,7,100,abb,1,5/6/2022,sucrose00,sucrose,0
2022_05_06_abb04,35,2400,0,461365,spout03,7,100,abb,1,5/6/2022,sucrose00,sucrose,0
2022_05_06_abb04,35,2500,0,461365,spout03,7,100,abb,1,5/6/2022,sucrose00,sucrose,0
2022_05_06_abb04,35,2600,0,461365,spout03,7,100,abb,1,5/6/2022,sucrose00,sucrose,0
2022_05_06_abb04,35,2700,0,461365,spout03,7,100,abb,1,5/6/2022,sucrose00,sucrose,0
2022_05_06_abb04,35,2800,0,461365,spout03,7,100,abb,1,5/6/2022,sucrose00,sucrose,0
2022_05_06_abb04,35,2900,0,461365,spout03,7,100,abb,1,5/6/2022,sucrose00,sucrose,0
2022_05_06_abb04,36,0,0,473832,spout02,8,100,abb,1,5/6/2022,sucrose20,sucrose,20
2022_05_06_abb04,36,100,0,473832,spout02,8,100,abb,1,5/6/2022,sucrose20,sucrose,20
2022_05_06_abb04,36,200,1,473832,spout02,8,100,abb,1,5/6/2022,sucrose20,sucrose,20
2022_05_06_abb04,36,300,1,473832,spout02,8,100,abb,1,5/6/2022,sucrose20,sucrose,20
2022_05_06_abb04,36,400,0,473832,spout02,8,100,abb,1,5/6/2022,sucrose20,sucrose,20
2022_05_06_abb04,36,500,1,473832,spout02,8,100,abb,1,5/6/2022,sucrose20,sucrose,20
2022_05_06_abb04,36,600,0,473832,spout02,8,100,abb,1,5/6/2022,sucrose20,sucrose,20
2022_05_06_abb04,36,700,0,473832,spout02,8,100,abb,1,5/6/2022,sucrose20,sucrose,20
2022_05_06_abb04,36,800,1,473832,spout02,8,100,abb,1,5/6/2022,sucrose20,sucrose,20
2022_05_06_abb04,36,900,1,473832,spout02,8,100,abb,1,5/6/2022,sucrose20,sucrose,20
2022_05_06_abb04,36,1000,0,473832,spout02,8,100,abb,1,5/6/2022,sucrose20,sucrose,20
2022_05_06_abb04,36,1100,1,473832,spout02,8,100,abb,1,5/6/2022,sucrose20,sucrose,20
2022_05_06_abb04,36,1200,0,473832,spout02,8,100,abb,1,5/6/2022,sucrose20,sucrose,20
2022_05_06_abb04,36,1300,1,473832,spout02,8,100,abb,1,5/6/2022,sucrose20,sucrose,20
2022_05_06_abb04,36,1400,0,473832,spout02,8,100,abb,1,5/6/2022,sucrose20,sucrose,20
2022_05_06_abb04,36,1500,0,473832,spout02,8,100,abb,1,5/6/2022,sucrose20,sucrose,20
2022_05_06_abb04,36,1600,1,473832,spout02,8,100,abb,1,5/6/2022,sucrose20,sucrose,20
2022_05_06_abb04,36,1700,0,473832,spout02,8,100,abb,1,5/6/2022,sucrose20,sucrose,20
2022_05_06_abb04,36,1800,1,473832,spout02,8,100,abb,1,5/6/2022,sucrose20,sucrose,20
2022_05_06_abb04,36,1900,1,473832,spout02,8,100,abb,1,5/6/2022,sucrose20,sucrose,20
2022_05_06_abb04,36,2000,0,473832,spout02,8,100,abb,1,5/6/2022,sucrose20,sucrose,20
2022_05_06_abb04,36,2100,1,473832,spout02,8,100,abb,1,5/6/2022,sucrose20,sucrose,20
2022_05_06_abb04,36,2200,0,473832,spout02,8,100,abb,1,5/6/2022,sucrose20,sucrose,20
2022_05_06_abb04,36,2300,0,473832,spout02,8,100,abb,1,5/6/2022,sucrose20,sucrose,20
2022_05_06_abb04,36,2400,1,473832,spout02,8,100,abb,1,5/6/2022,sucrose20,sucrose,20
2022_05_06_abb04,36,2500,0,473832,spout02,8,100,abb,1,5/6/2022,sucrose20,sucrose,20
2022_05_06_abb04,36,2600,1,473832,spout02,8,100,abb,1,5/6/2022,sucrose20,sucrose,20
2022_05_06_abb04,36,2700,0,473832,spout02,8,100,abb,1,5/6/2022,sucrose20,sucrose,20
2022_05_06_abb04,36,2800,0,473832,spout02,8,100,abb,1,5/6/2022,sucrose20,sucrose,20
2022_05_06_abb04,36,2900,1,473832,spout02,8,100,abb,1,5/6/2022,sucrose20,sucrose,20
2022_05_06_abb04,37,0,0,488751,spout05,8,100,abb,1,5/6/2022,sucrose10,sucrose,10
2022_05_06_abb04,37,100,0,488751,spout05,8,100,abb,1,5/6/2022,sucrose10,sucrose,10
2022_05_06_abb04,37,200,0,488751,spout05,8,100,abb,1,5/6/2022,sucrose10,sucrose,10
2022_05_06_abb04,37,300,1,488751,spout05,8,100,abb,1,5/6/2022,sucrose10,sucrose,10
2022_05_06_abb04,37,400,1,488751,spout05,8,100,abb,1,5/6/2022,sucrose10,sucrose,10
2022_05_06_abb04,37,500,0,488751,spout05,8,100,abb,1,5/6/2022,sucrose10,sucrose,10
2022_05_06_abb04,37,600,1,488751,spout05,8,100,abb,1,5/6/2022,sucrose10,sucrose,10
2022_05_06_abb04,37,700,1,488751,spout05,8,100,abb,1,5/6/2022,sucrose10,sucrose,10
2022_05_06_abb04,37,800,0,488751,spout05,8,100,abb,1,5/6/2022,sucrose10,sucrose,10
2022_05_06_abb04,37,900,0,488751,spout05,8,100,abb,1,5/6/2022,sucrose10,sucrose,10
2022_05_06_abb04,37,1000,0,488751,spout05,8,100,abb,1,5/6/2022,sucrose10,sucrose,10
2022_05_06_abb04,37,1100,1,488751,spout05,8,100,abb,1,5/6/2022,sucrose10,sucrose,10
2022_05_06_abb04,37,1200,1,488751,spout05,8,100,abb,1,5/6/2022,sucrose10,sucrose,10
2022_05_06_abb04,37,1300,0,488751,spout05,8,100,abb,1,5/6/2022,sucrose10,sucrose,10
2022_05_06_abb04,37,1400,1,488751,spout05,8,100,abb,1,5/6/2022,sucrose10,sucrose,10
2022_05_06_abb04,37,1500,1,488751,spout05,8,100,abb,1,5/6/2022,sucrose10,sucrose,10
2022_05_06_abb04,37,1600,0,488751,spout05,8,100,abb,1,5/6/2022,sucrose10,sucrose,10
2022_05_06_abb04,37,1700,0,488751,spout05,8,100,abb,1,5/6/2022,sucrose10,sucrose,10
2022_05_06_abb04,37,1800,0,488751,spout05,8,100,abb,1,5/6/2022,sucrose10,sucrose,10
2022_05_06_abb04,37,1900,0,488751,spout05,8,100,abb,1,5/6/2022,sucrose10,sucrose,10
2022_05_06_abb04,37,2000,0,488751,spout05,8,100,abb,1,5/6/2022,sucrose10,sucrose,10
2022_05_06_abb04,37,2100,0,488751,spout05,8,100,abb,1,5/6/2022,sucrose10,sucrose,10
2022_05_06_abb04,37,2200,0,488751,spout05,8,100,abb,1,5/6/2022,sucrose10,sucrose,10
2022_05_06_abb04,37,2300,0,488751,spout05,8,100,abb,1,5/6/2022,sucrose10,sucrose,10
2022_05_06_abb04,37,2400,0,488751,spout05,8,100,abb,1,5/6/2022,sucrose10,sucrose,10
2022_05_06_abb04,37,2500,0,488751,spout05,8,100,abb,1,5/6/2022,sucrose10,sucrose,10
2022_05_06_abb04,37,2600,0,488751,spout05,8,100,abb,1,5/6/2022,sucrose10,sucrose,10
2022_05_06_abb04,37,2700,0,488751,spout05,8,100,abb,1,5/6/2022,sucrose10,sucrose,10
2022_05_06_abb04,37,2800,0,488751,spout05,8,100,abb,1,5/6/2022,sucrose10,sucrose,10
2022_05_06_abb04,37,2900,0,488751,spout05,8,100,abb,1,5/6/2022,sucrose10,sucrose,10
2022_05_06_abb04,38,0,0,503852,spout04,8,100,abb,1,5/6/2022,sucrose30,sucrose,30
2022_05_06_abb04,38,100,0,503852,spout04,8,100,abb,1,5/6/2022,sucrose30,sucrose,30
2022_05_06_abb04,38,200,0,503852,spout04,8,100,abb,1,5/6/2022,sucrose30,sucrose,30
2022_05_06_abb04,38,300,0,503852,spout04,8,100,abb,1,5/6/2022,sucrose30,sucrose,30
2022_05_06_abb04,38,400,1,503852,spout04,8,100,abb,1,5/6/2022,sucrose30,sucrose,30
2022_05_06_abb04,38,500,0,503852,spout04,8,100,abb,1,5/6/2022,sucrose30,sucrose,30
2022_05_06_abb04,38,600,1,503852,spout04,8,100,abb,1,5/6/2022,sucrose30,sucrose,30
2022_05_06_abb04,38,700,0,503852,spout04,8,100,abb,1,5/6/2022,sucrose30,sucrose,30
2022_05_06_abb04,38,800,1,503852,spout04,8,100,abb,1,5/6/2022,sucrose30,sucrose,30
2022_05_06_abb04,38,900,0,503852,spout04,8,100,abb,1,5/6/2022,sucrose30,sucrose,30
2022_05_06_abb04,38,1000,1,503852,spout04,8,100,abb,1,5/6/2022,sucrose30,sucrose,30
2022_05_06_abb04,38,1100,0,503852,spout04,8,100,abb,1,5/6/2022,sucrose30,sucrose,30
2022_05_06_abb04,38,1200,1,503852,spout04,8,100,abb,1,5/6/2022,sucrose30,sucrose,30
2022_05_06_abb04,38,1300,0,503852,spout04,8,100,abb,1,5/6/2022,sucrose30,sucrose,30
2022_05_06_abb04,38,1400,1,503852,spout04,8,100,abb,1,5/6/2022,sucrose30,sucrose,30
2022_05_06_abb04,38,1500,1,503852,spout04,8,100,abb,1,5/6/2022,sucrose30,sucrose,30
2022_05_06_abb04,38,1600,0,503852,spout04,8,100,abb,1,5/6/2022,sucrose30,sucrose,30
2022_05_06_abb04,38,1700,1,503852,spout04,8,100,abb,1,5/6/2022,sucrose30,sucrose,30
2022_05_06_abb04,38,1800,1,503852,spout04,8,100,abb,1,5/6/2022,sucrose30,sucrose,30
2022_05_06_abb04,38,1900,1,503852,spout04,8,100,abb,1,5/6/2022,sucrose30,sucrose,30
2022_05_06_abb04,38,2000,0,503852,spout04,8,100,abb,1,5/6/2022,sucrose30,sucrose,30
2022_05_06_abb04,38,2100,0,503852,spout04,8,100,abb,1,5/6/2022,sucrose30,sucrose,30
2022_05_06_abb04,38,2200,0,503852,spout04,8,100,abb,1,5/6/2022,sucrose30,sucrose,30
2022_05_06_abb04,38,2300,1,503852,spout04,8,100,abb,1,5/6/2022,sucrose30,sucrose,30
2022_05_06_abb04,38,2400,1,503852,spout04,8,100,abb,1,5/6/2022,sucrose30,sucrose,30
2022_05_06_abb04,38,2500,1,503852,spout04,8,100,abb,1,5/6/2022,sucrose30,sucrose,30
2022_05_06_abb04,38,2600,1,503852,spout04,8,100,abb,1,5/6/2022,sucrose30,sucrose,30
2022_05_06_abb04,38,2700,0,503852,spout04,8,100,abb,1,5/6/2022,sucrose30,sucrose,30
2022_05_06_abb04,38,2800,1,503852,spout04,8,100,abb,1,5/6/2022,sucrose30,sucrose,30
2022_05_06_abb04,38,2900,0,503852,spout04,8,100,abb,1,5/6/2022,sucrose30,sucrose,30
2022_05_06_abb04,39,0,0,517792,spout03,8,100,abb,1,5/6/2022,sucrose00,sucrose,0
2022_05_06_abb04,39,100,0,517792,spout03,8,100,abb,1,5/6/2022,sucrose00,sucrose,0
2022_05_06_abb04,39,200,0,517792,spout03,8,100,abb,1,5/6/2022,sucrose00,sucrose,0
2022_05_06_abb04,39,300,1,517792,spout03,8,100,abb,1,5/6/2022,sucrose00,sucrose,0
2022_05_06_abb04,39,400,0,517792,spout03,8,100,abb,1,5/6/2022,sucrose00,sucrose,0
2022_05_06_abb04,39,500,1,517792,spout03,8,100,abb,1,5/6/2022,sucrose00,sucrose,0
2022_05_06_abb04,39,600,0,517792,spout03,8,100,abb,1,5/6/2022,sucrose00,sucrose,0
2022_05_06_abb04,39,700,0,517792,spout03,8,100,abb,1,5/6/2022,sucrose00,sucrose,0
2022_05_06_abb04,39,800,0,517792,spout03,8,100,abb,1,5/6/2022,sucrose00,sucrose,0
2022_05_06_abb04,39,900,0,517792,spout03,8,100,abb,1,5/6/2022,sucrose00,sucrose,0
2022_05_06_abb04,39,1000,0,517792,spout03,8,100,abb,1,5/6/2022,sucrose00,sucrose,0
2022_05_06_abb04,39,1100,0,517792,spout03,8,100,abb,1,5/6/2022,sucrose00,sucrose,0
2022_05_06_abb04,39,1200,0,517792,spout03,8,100,abb,1,5/6/2022,sucrose00,sucrose,0
2022_05_06_abb04,39,1300,0,517792,spout03,8,100,abb,1,5/6/2022,sucrose00,sucrose,0
2022_05_06_abb04,39,1400,0,517792,spout03,8,100,abb,1,5/6/2022,sucrose00,sucrose,0
2022_05_06_abb04,39,1500,0,517792,spout03,8,100,abb,1,5/6/2022,sucrose00,sucrose,0
2022_05_06_abb04,39,1600,0,517792,spout03,8,100,abb,1,5/6/2022,sucrose00,sucrose,0
2022_05_06_abb04,39,1700,0,517792,spout03,8,100,abb,1,5/6/2022,sucrose00,sucrose,0
2022_05_06_abb04,39,1800,0,517792,spout03,8,100,abb,1,5/6/2022,sucrose00,sucrose,0
2022_05_06_abb04,39,1900,0,517792,spout03,8,100,abb,1,5/6/2022,sucrose00,sucrose,0
2022_05_06_abb04,39,2000,0,517792,spout03,8,100,abb,1,5/6/2022,sucrose00,sucrose,0
2022_05_06_abb04,39,2100,0,517792,spout03,8,100,abb,1,5/6/2022,sucrose00,sucrose,0
2022_05_06_abb04,39,2200,0,517792,spout03,8,100,abb,1,5/6/2022,sucrose00,sucrose,0
2022_05_06_abb04,39,2300,0,517792,spout03,8,100,abb,1,5/6/2022,sucrose00,sucrose,0
2022_05_06_abb04,39,2400,0,517792,spout03,8,100,abb,1,5/6/2022,sucrose00,sucrose,0
2022_05_06_abb04,39,2500,0,517792,spout03,8,100,abb,1,5/6/2022,sucrose00,sucrose,0
2022_05_06_abb04,39,2600,0,517792,spout03,8,100,abb,1,5/6/2022,sucrose00,sucrose,0
2022_05_06_abb04,39,2700,0,517792,spout03,8,100,abb,1,5/6/2022,sucrose00,sucrose,0
2022_05_06_abb04,39,2800,0,517792,spout03,8,100,abb,1,5/6/2022,sucrose00,sucrose,0
2022_05_06_abb04,39,2900,0,517792,spout03,8,100,abb,1,5/6/2022,sucrose00,sucrose,0
2022_05_06_abb04,40,0,0,529875,spout01,8,100,abb,1,5/6/2022,sucrose05,sucrose,5
2022_05_06_abb04,40,100,0,529875,spout01,8,100,abb,1,5/6/2022,sucrose05,sucrose,5
2022_05_06_abb04,40,200,0,529875,spout01,8,100,abb,1,5/6/2022,sucrose05,sucrose,5
2022_05_06_abb04,40,300,1,529875,spout01,8,100,abb,1,5/6/2022,sucrose05,sucrose,5
2022_05_06_abb04,40,400,0,529875,spout01,8,100,abb,1,5/6/2022,sucrose05,sucrose,5
2022_05_06_abb04,40,500,0,529875,spout01,8,100,abb,1,5/6/2022,sucrose05,sucrose,5
2022_05_06_abb04,40,600,1,529875,spout01,8,100,abb,1,5/6/2022,sucrose05,sucrose,5
2022_05_06_abb04,40,700,0,529875,spout01,8,100,abb,1,5/6/2022,sucrose05,sucrose,5
2022_05_06_abb04,40,800,0,529875,spout01,8,100,abb,1,5/6/2022,sucrose05,sucrose,5
2022_05_06_abb04,40,900,0,529875,spout01,8,100,abb,1,5/6/2022,sucrose05,sucrose,5
2022_05_06_abb04,40,1000,0,529875,spout01,8,100,abb,1,5/6/2022,sucrose05,sucrose,5
2022_05_06_abb04,40,1100,0,529875,spout01,8,100,abb,1,5/6/2022,sucrose05,sucrose,5
2022_05_06_abb04,40,1200,0,529875,spout01,8,100,abb,1,5/6/2022,sucrose05,sucrose,5
2022_05_06_abb04,40,1300,0,529875,spout01,8,100,abb,1,5/6/2022,sucrose05,sucrose,5
2022_05_06_abb04,40,1400,0,529875,spout01,8,100,abb,1,5/6/2022,sucrose05,sucrose,5
2022_05_06_abb04,40,1500,0,529875,spout01,8,100,abb,1,5/6/2022,sucrose05,sucrose,5
2022_05_06_abb04,40,1600,0,529875,spout01,8,100,abb,1,5/6/2022,sucrose05,sucrose,5
2022_05_06_abb04,40,1700,0,529875,spout01,8,100,abb,1,5/6/2022,sucrose05,sucrose,5
2022_05_06_abb04,40,1800,0,529875,spout01,8,100,abb,1,5/6/2022,sucrose05,sucrose,5
2022_05_06_abb04,40,1900,0,529875,spout01,8,100,abb,1,5/6/2022,sucrose05,sucrose,5
2022_05_06_abb04,40,2000,0,529875,spout01,8,100,abb,1,5/6/2022,sucrose05,sucrose,5
2022_05_06_abb04,40,2100,0,529875,spout01,8,100,abb,1,5/6/2022,sucrose05,sucrose,5
2022_05_06_abb04,40,2200,0,529875,spout01,8,100,abb,1,5/6/2022,sucrose05,sucrose,5
2022_05_06_abb04,40,2300,0,529875,spout01,8,100,abb,1,5/6/2022,sucrose05,sucrose,5
2022_05_06_abb04,40,2400,0,529875,spout01,8,100,abb,1,5/6/2022,sucrose05,sucrose,5
2022_05_06_abb04,40,2500,0,529875,spout01,8,100,abb,1,5/6/2022,sucrose05,sucrose,5
2022_05_06_abb04,40,2600,0,529875,spout01,8,100,abb,1,5/6/2022,sucrose05,sucrose,5
2022_05_06_abb04,40,2700,0,529875,spout01,8,100,abb,1,5/6/2022,sucrose05,sucrose,5
2022_05_06_abb04,40,2800,0,529875,spout01,8,100,abb,1,5/6/2022,sucrose05,sucrose,5
2022_05_06_abb04,40,2900,0,529875,spout01,8,100,abb,1,5/6/2022,sucrose05,sucrose,5
2022_05_06_abb04,41,0,0,543258,spout01,9,100,abb,1,5/6/2022,sucrose05,sucrose,5
2022_05_06_abb04,41,100,0,543258,spout01,9,100,abb,1,5/6/2022,sucrose05,sucrose,5
2022_05_06_abb04,41,200,1,543258,spout01,9,100,abb,1,5/6/2022,sucrose05,sucrose,5
2022_05_06_abb04,41,300,1,543258,spout01,9,100,abb,1,5/6/2022,sucrose05,sucrose,5
2022_05_06_abb04,41,400,0,543258,spout01,9,100,abb,1,5/6/2022,sucrose05,sucrose,5
2022_05_06_abb04,41,500,0,543258,spout01,9,100,abb,1,5/6/2022,sucrose05,sucrose,5
2022_05_06_abb04,41,600,1,543258,spout01,9,100,abb,1,5/6/2022,sucrose05,sucrose,5
2022_05_06_abb04,41,700,1,543258,spout01,9,100,abb,1,5/6/2022,sucrose05,sucrose,5
2022_05_06_abb04,41,800,1,543258,spout01,9,100,abb,1,5/6/2022,sucrose05,sucrose,5
2022_05_06_abb04,41,900,1,543258,spout01,9,100,abb,1,5/6/2022,sucrose05,sucrose,5
2022_05_06_abb04,41,1000,0,543258,spout01,9,100,abb,1,5/6/2022,sucrose05,sucrose,5
2022_05_06_abb04,41,1100,0,543258,spout01,9,100,abb,1,5/6/2022,sucrose05,sucrose,5
2022_05_06_abb04,41,1200,0,543258,spout01,9,100,abb,1,5/6/2022,sucrose05,sucrose,5
2022_05_06_abb04,41,1300,1,543258,spout01,9,100,abb,1,5/6/2022,sucrose05,sucrose,5
2022_05_06_abb04,41,1400,1,543258,spout01,9,100,abb,1,5/6/2022,sucrose05,sucrose,5
2022_05_06_abb04,41,1500,0,543258,spout01,9,100,abb,1,5/6/2022,sucrose05,sucrose,5
2022_05_06_abb04,41,1600,0,543258,spout01,9,100,abb,1,5/6/2022,sucrose05,sucrose,5
2022_05_06_abb04,41,1700,1,543258,spout01,9,100,abb,1,5/6/2022,sucrose05,sucrose,5
2022_05_06_abb04,41,1800,1,543258,spout01,9,100,abb,1,5/6/2022,sucrose05,sucrose,5
2022_05_06_abb04,41,1900,0,543258,spout01,9,100,abb,1,5/6/2022,sucrose05,sucrose,5
2022_05_06_abb04,41,2000,1,543258,spout01,9,100,abb,1,5/6/2022,sucrose05,sucrose,5
2022_05_06_abb04,41,2100,1,543258,spout01,9,100,abb,1,5/6/2022,sucrose05,sucrose,5
2022_05_06_abb04,41,2200,1,543258,spout01,9,100,abb,1,5/6/2022,sucrose05,sucrose,5
2022_05_06_abb04,41,2300,0,543258,spout01,9,100,abb,1,5/6/2022,sucrose05,sucrose,5
2022_05_06_abb04,41,2400,1,543258,spout01,9,100,abb,1,5/6/2022,sucrose05,sucrose,5
2022_05_06_abb04,41,2500,1,543258,spout01,9,100,abb,1,5/6/2022,sucrose05,sucrose,5
2022_05_06_abb04,41,2600,0,543258,spout01,9,100,abb,1,5/6/2022,sucrose05,sucrose,5
2022_05_06_abb04,41,2700,0,543258,spout01,9,100,abb,1,5/6/2022,sucrose05,sucrose,5
2022_05_06_abb04,41,2800,1,543258,spout01,9,100,abb,1,5/6/2022,sucrose05,sucrose,5
2022_05_06_abb04,41,2900,1,543258,spout01,9,100,abb,1,5/6/2022,sucrose05,sucrose,5
2022_05_06_abb04,42,0,0,556334,spout05,9,100,abb,1,5/6/2022,sucrose10,sucrose,10
2022_05_06_abb04,42,100,0,556334,spout05,9,100,abb,1,5/6/2022,sucrose10,sucrose,10
2022_05_06_abb04,42,200,1,556334,spout05,9,100,abb,1,5/6/2022,sucrose10,sucrose,10
2022_05_06_abb04,42,300,0,556334,spout05,9,100,abb,1,5/6/2022,sucrose10,sucrose,10
2022_05_06_abb04,42,400,0,556334,spout05,9,100,abb,1,5/6/2022,sucrose10,sucrose,10
2022_05_06_abb04,42,500,0,556334,spout05,9,100,abb,1,5/6/2022,sucrose10,sucrose,10
2022_05_06_abb04,42,600,1,556334,spout05,9,100,abb,1,5/6/2022,sucrose10,sucrose,10
2022_05_06_abb04,42,700,1,556334,spout05,9,100,abb,1,5/6/2022,sucrose10,sucrose,10
2022_05_06_abb04,42,800,0,556334,spout05,9,100,abb,1,5/6/2022,sucrose10,sucrose,10
2022_05_06_abb04,42,900,1,556334,spout05,9,100,abb,1,5/6/2022,sucrose10,sucrose,10
2022_05_06_abb04,42,1000,1,556334,spout05,9,100,abb,1,5/6/2022,sucrose10,sucrose,10
2022_05_06_abb04,42,1100,1,556334,spout05,9,100,abb,1,5/6/2022,sucrose10,sucrose,10
2022_05_06_abb04,42,1200,0,556334,spout05,9,100,abb,1,5/6/2022,sucrose10,sucrose,10
2022_05_06_abb04,42,1300,1,556334,spout05,9,100,abb,1,5/6/2022,sucrose10,sucrose,10
2022_05_06_abb04,42,1400,1,556334,spout05,9,100,abb,1,5/6/2022,sucrose10,sucrose,10
2022_05_06_abb04,42,1500,1,556334,spout05,9,100,abb,1,5/6/2022,sucrose10,sucrose,10
2022_05_06_abb04,42,1600,0,556334,spout05,9,100,abb,1,5/6/2022,sucrose10,sucrose,10
2022_05_06_abb04,42,1700,1,556334,spout05,9,100,abb,1,5/6/2022,sucrose10,sucrose,10
2022_05_06_abb04,42,1800,1,556334,spout05,9,100,abb,1,5/6/2022,sucrose10,sucrose,10
2022_05_06_abb04,42,1900,1,556334,spout05,9,100,abb,1,5/6/2022,sucrose10,sucrose,10
2022_05_06_abb04,42,2000,1,556334,spout05,9,100,abb,1,5/6/2022,sucrose10,sucrose,10
2022_05_06_abb04,42,2100,1,556334,spout05,9,100,abb,1,5/6/2022,sucrose10,sucrose,10
2022_05_06_abb04,42,2200,0,556334,spout05,9,100,abb,1,5/6/2022,sucrose10,sucrose,10
2022_05_06_abb04,42,2300,1,556334,spout05,9,100,abb,1,5/6/2022,sucrose10,sucrose,10
2022_05_06_abb04,42,2400,0,556334,spout05,9,100,abb,1,5/6/2022,sucrose10,sucrose,10
2022_05_06_abb04,42,2500,1,556334,spout05,9,100,abb,1,5/6/2022,sucrose10,sucrose,10
2022_05_06_abb04,42,2600,1,556334,spout05,9,100,abb,1,5/6/2022,sucrose10,sucrose,10
2022_05_06_abb04,42,2700,1,556334,spout05,9,100,abb,1,5/6/2022,sucrose10,sucrose,10
2022_05_06_abb04,42,2800,0,556334,spout05,9,100,abb,1,5/6/2022,sucrose10,sucrose,10
2022_05_06_abb04,42,2900,1,556334,spout05,9,100,abb,1,5/6/2022,sucrose10,sucrose,10
2022_05_06_abb04,43,0,0,570877,spout03,9,100,abb,1,5/6/2022,sucrose00,sucrose,0
2022_05_06_abb04,43,100,0,570877,spout03,9,100,abb,1,5/6/2022,sucrose00,sucrose,0
2022_05_06_abb04,43,200,1,570877,spout03,9,100,abb,1,5/6/2022,sucrose00,sucrose,0
2022_05_06_abb04,43,300,1,570877,spout03,9,100,abb,1,5/6/2022,sucrose00,sucrose,0
2022_05_06_abb04,43,400,0,570877,spout03,9,100,abb,1,5/6/2022,sucrose00,sucrose,0
2022_05_06_abb04,43,500,0,570877,spout03,9,100,abb,1,5/6/2022,sucrose00,sucrose,0
2022_05_06_abb04,43,600,0,570877,spout03,9,100,abb,1,5/6/2022,sucrose00,sucrose,0
2022_05_06_abb04,43,700,1,570877,spout03,9,100,abb,1,5/6/2022,sucrose00,sucrose,0
2022_05_06_abb04,43,800,1,570877,spout03,9,100,abb,1,5/6/2022,sucrose00,sucrose,0
2022_05_06_abb04,43,900,0,570877,spout03,9,100,abb,1,5/6/2022,sucrose00,sucrose,0
2022_05_06_abb04,43,1000,0,570877,spout03,9,100,abb,1,5/6/2022,sucrose00,sucrose,0
2022_05_06_abb04,43,1100,1,570877,spout03,9,100,abb,1,5/6/2022,sucrose00,sucrose,0
2022_05_06_abb04,43,1200,1,570877,spout03,9,100,abb,1,5/6/2022,sucrose00,sucrose,0
2022_05_06_abb04,43,1300,0,570877,spout03,9,100,abb,1,5/6/2022,sucrose00,sucrose,0
2022_05_06_abb04,43,1400,0,570877,spout03,9,100,abb,1,5/6/2022,sucrose00,sucrose,0
2022_05_06_abb04,43,1500,0,570877,spout03,9,100,abb,1,5/6/2022,sucrose00,sucrose,0
2022_05_06_abb04,43,1600,1,570877,spout03,9,100,abb,1,5/6/2022,sucrose00,sucrose,0
2022_05_06_abb04,43,1700,1,570877,spout03,9,100,abb,1,5/6/2022,sucrose00,sucrose,0
2022_05_06_abb04,43,1800,0,570877,spout03,9,100,abb,1,5/6/2022,sucrose00,sucrose,0
2022_05_06_abb04,43,1900,0,570877,spout03,9,100,abb,1,5/6/2022,sucrose00,sucrose,0
2022_05_06_abb04,43,2000,1,570877,spout03,9,100,abb,1,5/6/2022,sucrose00,sucrose,0
2022_05_06_abb04,43,2100,1,570877,spout03,9,100,abb,1,5/6/2022,sucrose00,sucrose,0
2022_05_06_abb04,43,2200,0,570877,spout03,9,100,abb,1,5/6/2022,sucrose00,sucrose,0
2022_05_06_abb04,43,2300,0,570877,spout03,9,100,abb,1,5/6/2022,sucrose00,sucrose,0
2022_05_06_abb04,43,2400,0,570877,spout03,9,100,abb,1,5/6/2022,sucrose00,sucrose,0
2022_05_06_abb04,43,2500,0,570877,spout03,9,100,abb,1,5/6/2022,sucrose00,sucrose,0
2022_05_06_abb04,43,2600,1,570877,spout03,9,100,abb,1,5/6/2022,sucrose00,sucrose,0
2022_05_06_abb04,43,2700,1,570877,spout03,9,100,abb,1,5/6/2022,sucrose00,sucrose,0
2022_05_06_abb04,43,2800,1,570877,spout03,9,100,abb,1,5/6/2022,sucrose00,sucrose,0
2022_05_06_abb04,43,2900,0,570877,spout03,9,100,abb,1,5/6/2022,sucrose00,sucrose,0
2022_05_06_abb04,44,0,0,586157,spout04,9,100,abb,1,5/6/2022,sucrose30,sucrose,30
2022_05_06_abb04,44,100,0,586157,spout04,9,100,abb,1,5/6/2022,sucrose30,sucrose,30
2022_05_06_abb04,44,200,0,586157,spout04,9,100,abb,1,5/6/2022,sucrose30,sucrose,30
2022_05_06_abb04,44,300,0,586157,spout04,9,100,abb,1,5/6/2022,sucrose30,sucrose,30
2022_05_06_abb04,44,400,1,586157,spout04,9,100,abb,1,5/6/2022,sucrose30,sucrose,30
2022_05_06_abb04,44,500,0,586157,spout04,9,100,abb,1,5/6/2022,sucrose30,sucrose,30
2022_05_06_abb04,44,600,1,586157,spout04,9,100,abb,1,5/6/2022,sucrose30,sucrose,30
2022_05_06_abb04,44,700,1,586157,spout04,9,100,abb,1,5/6/2022,sucrose30,sucrose,30
2022_05_06_abb04,44,800,0,586157,spout04,9,100,abb,1,5/6/2022,sucrose30,sucrose,30
2022_05_06_abb04,44,900,0,586157,spout04,9,100,abb,1,5/6/2022,sucrose30,sucrose,30
2022_05_06_abb04,44,1000,1,586157,spout04,9,100,abb,1,5/6/2022,sucrose30,sucrose,30
2022_05_06_abb04,44,1100,0,586157,spout04,9,100,abb,1,5/6/2022,sucrose30,sucrose,30
2022_05_06_abb04,44,1200,1,586157,spout04,9,100,abb,1,5/6/2022,sucrose30,sucrose,30
2022_05_06_abb04,44,1300,0,586157,spout04,9,100,abb,1,5/6/2022,sucrose30,sucrose,30
2022_05_06_abb04,44,1400,0,586157,spout04,9,100,abb,1,5/6/2022,sucrose30,sucrose,30
2022_05_06_abb04,44,1500,1,586157,spout04,9,100,abb,1,5/6/2022,sucrose30,sucrose,30
2022_05_06_abb04,44,1600,1,586157,spout04,9,100,abb,1,5/6/2022,sucrose30,sucrose,30
2022_05_06_abb04,44,1700,1,586157,spout04,9,100,abb,1,5/6/2022,sucrose30,sucrose,30
2022_05_06_abb04,44,1800,0,586157,spout04,9,100,abb,1,5/6/2022,sucrose30,sucrose,30
2022_05_06_abb04,44,1900,1,586157,spout04,9,100,abb,1,5/6/2022,sucrose30,sucrose,30
2022_05_06_abb04,44,2000,1,586157,spout04,9,100,abb,1,5/6/2022,sucrose30,sucrose,30
2022_05_06_abb04,44,2100,0,586157,spout04,9,100,abb,1,5/6/2022,sucrose30,sucrose,30
2022_05_06_abb04,44,2200,0,586157,spout04,9,100,abb,1,5/6/2022,sucrose30,sucrose,30
2022_05_06_abb04,44,2300,1,586157,spout04,9,100,abb,1,5/6/2022,sucrose30,sucrose,30
2022_05_06_abb04,44,2400,1,586157,spout04,9,100,abb,1,5/6/2022,sucrose30,sucrose,30
2022_05_06_abb04,44,2500,1,586157,spout04,9,100,abb,1,5/6/2022,sucrose30,sucrose,30
2022_05_06_abb04,44,2600,1,586157,spout04,9,100,abb,1,5/6/2022,sucrose30,sucrose,30
2022_05_06_abb04,44,2700,0,586157,spout04,9,100,abb,1,5/6/2022,sucrose30,sucrose,30
2022_05_06_abb04,44,2800,0,586157,spout04,9,100,abb,1,5/6/2022,sucrose30,sucrose,30
2022_05_06_abb04,44,2900,1,586157,spout04,9,100,abb,1,5/6/2022,sucrose30,sucrose,30
2022_05_06_abb04,45,0,0,597869,spout03,10,100,abb,1,5/6/2022,sucrose00,sucrose,0
2022_05_06_abb04,45,100,0,597869,spout03,10,100,abb,1,5/6/2022,sucrose00,sucrose,0
2022_05_06_abb04,45,200,0,597869,spout03,10,100,abb,1,5/6/2022,sucrose00,sucrose,0
2022_05_06_abb04,45,300,1,597869,spout03,10,100,abb,1,5/6/2022,sucrose00,sucrose,0
2022_05_06_abb04,45,400,1,597869,spout03,10,100,abb,1,5/6/2022,sucrose00,sucrose,0
2022_05_06_abb04,45,500,0,597869,spout03,10,100,abb,1,5/6/2022,sucrose00,sucrose,0
2022_05_06_abb04,45,600,1,597869,spout03,10,100,abb,1,5/6/2022,sucrose00,sucrose,0
2022_05_06_abb04,45,700,0,597869,spout03,10,100,abb,1,5/6/2022,sucrose00,sucrose,0
2022_05_06_abb04,45,800,1,597869,spout03,10,100,abb,1,5/6/2022,sucrose00,sucrose,0
2022_05_06_abb04,45,900,1,597869,spout03,10,100,abb,1,5/6/2022,sucrose00,sucrose,0
2022_05_06_abb04,45,1000,0,597869,spout03,10,100,abb,1,5/6/2022,sucrose00,sucrose,0
2022_05_06_abb04,45,1100,0,597869,spout03,10,100,abb,1,5/6/2022,sucrose00,sucrose,0
2022_05_06_abb04,45,1200,0,597869,spout03,10,100,abb,1,5/6/2022,sucrose00,sucrose,0
2022_05_06_abb04,45,1300,1,597869,spout03,10,100,abb,1,5/6/2022,sucrose00,sucrose,0
2022_05_06_abb04,45,1400,0,597869,spout03,10,100,abb,1,5/6/2022,sucrose00,sucrose,0
2022_05_06_abb04,45,1500,1,597869,spout03,10,100,abb,1,5/6/2022,sucrose00,sucrose,0
2022_05_06_abb04,45,1600,0,597869,spout03,10,100,abb,1,5/6/2022,sucrose00,sucrose,0
2022_05_06_abb04,45,1700,1,597869,spout03,10,100,abb,1,5/6/2022,sucrose00,sucrose,0
2022_05_06_abb04,45,1800,0,597869,spout03,10,100,abb,1,5/6/2022,sucrose00,sucrose,0
2022_05_06_abb04,45,1900,0,597869,spout03,10,100,abb,1,5/6/2022,sucrose00,sucrose,0
2022_05_06_abb04,45,2000,0,597869,spout03,10,100,abb,1,5/6/2022,sucrose00,sucrose,0
2022_05_06_abb04,45,2100,0,597869,spout03,10,100,abb,1,5/6/2022,sucrose00,sucrose,0
2022_05_06_abb04,45,2200,0,597869,spout03,10,100,abb,1,5/6/2022,sucrose00,sucrose,0
2022_05_06_abb04,45,2300,0,597869,spout03,10,100,abb,1,5/6/2022,sucrose00,sucrose,0
2022_05_06_abb04,45,2400,0,597869,spout03,10,100,abb,1,5/6/2022,sucrose00,sucrose,0
2022_05_06_abb04,45,2500,0,597869,spout03,10,100,abb,1,5/6/2022,sucrose00,sucrose,0
2022_05_06_abb04,45,2600,0,597869,spout03,10,100,abb,1,5/6/2022,sucrose00,sucrose,0
2022_05_06_abb04,45,2700,0,597869,spout03,10,100,abb,1,5/6/2022,sucrose00,sucrose,0
2022_05_06_abb04,45,2800,0,597869,spout03,10,100,abb,1,5/6/2022,sucrose00,sucrose,0
2022_05_06_abb04,45,2900,0,597869,spout03,10,100,abb,1,5/6/2022,sucrose00,sucrose,0
2022_05_06_abb04,46,0,0,611632,spout04,10,100,abb,1,5/6/2022,sucrose30,sucrose,30
2022_05_06_abb04,46,100,0,611632,spout04,10,100,abb,1,5/6/2022,sucrose30,sucrose,30
2022_05_06_abb04,46,200,1,611632,spout04,10,100,abb,1,5/6/2022,sucrose30,sucrose,30
2022_05_06_abb04,46,300,1,611632,spout04,10,100,abb,1,5/6/2022,sucrose30,sucrose,30
2022_05_06_abb04,46,400,0,611632,spout04,10,100,abb,1,5/6/2022,sucrose30,sucrose,30
2022_05_06_abb04,46,500,1,611632,spout04,10,100,abb,1,5/6/2022,sucrose30,sucrose,30
2022_05_06_abb04,46,600,1,611632,spout04,10,100,abb,1,5/6/2022,sucrose30,sucrose,30
2022_05_06_abb04,46,700,0,611632,spout04,10,100,abb,1,5/6/2022,sucrose30,sucrose,30
2022_05_06_abb04,46,800,1,611632,spout04,10,100,abb,1,5/6/2022,sucrose30,sucrose,30
2022_05_06_abb04,46,900,1,611632,spout04,10,100,abb,1,5/6/2022,sucrose30,sucrose,30
2022_05_06_abb04,46,1000,0,611632,spout04,10,100,abb,1,5/6/2022,sucrose30,sucrose,30
2022_05_06_abb04,46,1100,0,611632,spout04,10,100,abb,1,5/6/2022,sucrose30,sucrose,30
2022_05_06_abb04,46,1200,1,611632,spout04,10,100,abb,1,5/6/2022,sucrose30,sucrose,30
2022_05_06_abb04,46,1300,1,611632,spout04,10,100,abb,1,5/6/2022,sucrose30,sucrose,30
2022_05_06_abb04,46,1400,1,611632,spout04,10,100,abb,1,5/6/2022,sucrose30,sucrose,30
2022_05_06_abb04,46,1500,0,611632,spout04,10,100,abb,1,5/6/2022,sucrose30,sucrose,30
2022_05_06_abb04,46,1600,1,611632,spout04,10,100,abb,1,5/6/2022,sucrose30,sucrose,30
2022_05_06_abb04,46,1700,1,611632,spout04,10,100,abb,1,5/6/2022,sucrose30,sucrose,30
2022_05_06_abb04,46,1800,1,611632,spout04,10,100,abb,1,5/6/2022,sucrose30,sucrose,30
2022_05_06_abb04,46,1900,0,611632,spout04,10,100,abb,1,5/6/2022,sucrose30,sucrose,30
2022_05_06_abb04,46,2000,0,611632,spout04,10,100,abb,1,5/6/2022,sucrose30,sucrose,30
2022_05_06_abb04,46,2100,1,611632,spout04,10,100,abb,1,5/6/2022,sucrose30,sucrose,30
2022_05_06_abb04,46,2200,1,611632,spout04,10,100,abb,1,5/6/2022,sucrose30,sucrose,30
2022_05_06_abb04,46,2300,0,611632,spout04,10,100,abb,1,5/6/2022,sucrose30,sucrose,30
2022_05_06_abb04,46,2400,1,611632,spout04,10,100,abb,1,5/6/2022,sucrose30,sucrose,30
2022_05_06_abb04,46,2500,0,611632,spout04,10,100,abb,1,5/6/2022,sucrose30,sucrose,30
2022_05_06_abb04,46,2600,1,611632,spout04,10,100,abb,1,5/6/2022,sucrose30,sucrose,30
2022_05_06_abb04,46,2700,0,611632,spout04,10,100,abb,1,5/6/2022,sucrose30,sucrose,30
2022_05_06_abb04,46,2800,1,611632,spout04,10,100,abb,1,5/6/2022,sucrose30,sucrose,30
2022_05_06_abb04,46,2900,1,611632,spout04,10,100,abb,1,5/6/2022,sucrose30,sucrose,30
2022_05_06_abb04,47,0,0,624115,spout02,9,100,abb,1,5/6/2022,sucrose20,sucrose,20
2022_05_06_abb04,47,100,0,624115,spout02,9,100,abb,1,5/6/2022,sucrose20,sucrose,20
2022_05_06_abb04,47,200,1,624115,spout02,9,100,abb,1,5/6/2022,sucrose20,sucrose,20
2022_05_06_abb04,47,300,1,624115,spout02,9,100,abb,1,5/6/2022,sucrose20,sucrose,20
2022_05_06_abb04,47,400,0,624115,spout02,9,100,abb,1,5/6/2022,sucrose20,sucrose,20
2022_05_06_abb04,47,500,1,624115,spout02,9,100,abb,1,5/6/2022,sucrose20,sucrose,20
2022_05_06_abb04,47,600,0,624115,spout02,9,100,abb,1,5/6/2022,sucrose20,sucrose,20
2022_05_06_abb04,47,700,1,624115,spout02,9,100,abb,1,5/6/2022,sucrose20,sucrose,20
2022_05_06_abb04,47,800,0,624115,spout02,9,100,abb,1,5/6/2022,sucrose20,sucrose,20
2022_05_06_abb04,47,900,1,624115,spout02,9,100,abb,1,5/6/2022,sucrose20,sucrose,20
2022_05_06_abb04,47,1000,1,624115,spout02,9,100,abb,1,5/6/2022,sucrose20,sucrose,20
2022_05_06_abb04,47,1100,0,624115,spout02,9,100,abb,1,5/6/2022,sucrose20,sucrose,20
2022_05_06_abb04,47,1200,1,624115,spout02,9,100,abb,1,5/6/2022,sucrose20,sucrose,20
2022_05_06_abb04,47,1300,0,624115,spout02,9,100,abb,1,5/6/2022,sucrose20,sucrose,20
2022_05_06_abb04,47,1400,1,624115,spout02,9,100,abb,1,5/6/2022,sucrose20,sucrose,20
2022_05_06_abb04,47,1500,0,624115,spout02,9,100,abb,1,5/6/2022,sucrose20,sucrose,20
2022_05_06_abb04,47,1600,1,624115,spout02,9,100,abb,1,5/6/2022,sucrose20,sucrose,20
2022_05_06_abb04,47,1700,0,624115,spout02,9,100,abb,1,5/6/2022,sucrose20,sucrose,20
2022_05_06_abb04,47,1800,1,624115,spout02,9,100,abb,1,5/6/2022,sucrose20,sucrose,20
2022_05_06_abb04,47,1900,1,624115,spout02,9,100,abb,1,5/6/2022,sucrose20,sucrose,20
2022_05_06_abb04,47,2000,1,624115,spout02,9,100,abb,1,5/6/2022,sucrose20,sucrose,20
2022_05_06_abb04,47,2100,0,624115,spout02,9,100,abb,1,5/6/2022,sucrose20,sucrose,20
2022_05_06_abb04,47,2200,0,624115,spout02,9,100,abb,1,5/6/2022,sucrose20,sucrose,20
2022_05_06_abb04,47,2300,1,624115,spout02,9,100,abb,1,5/6/2022,sucrose20,sucrose,20
2022_05_06_abb04,47,2400,0,624115,spout02,9,100,abb,1,5/6/2022,sucrose20,sucrose,20
2022_05_06_abb04,47,2500,1,624115,spout02,9,100,abb,1,5/6/2022,sucrose20,sucrose,20
2022_05_06_abb04,47,2600,0,624115,spout02,9,100,abb,1,5/6/2022,sucrose20,sucrose,20
2022_05_06_abb04,47,2700,1,624115,spout02,9,100,abb,1,5/6/2022,sucrose20,sucrose,20
2022_05_06_abb04,47,2800,0,624115,spout02,9,100,abb,1,5/6/2022,sucrose20,sucrose,20
2022_05_06_abb04,47,2900,1,624115,spout02,9,100,abb,1,5/6/2022,sucrose20,sucrose,20
2022_05_06_abb04,48,0,0,639696,spout02,10,100,abb,1,5/6/2022,sucrose20,sucrose,20
2022_05_06_abb04,48,100,1,639696,spout02,10,100,abb,1,5/6/2022,sucrose20,sucrose,20
2022_05_06_abb04,48,200,0,639696,spout02,10,100,abb,1,5/6/2022,sucrose20,sucrose,20
2022_05_06_abb04,48,300,1,639696,spout02,10,100,abb,1,5/6/2022,sucrose20,sucrose,20
2022_05_06_abb04,48,400,0,639696,spout02,10,100,abb,1,5/6/2022,sucrose20,sucrose,20
2022_05_06_abb04,48,500,1,639696,spout02,10,100,abb,1,5/6/2022,sucrose20,sucrose,20
2022_05_06_abb04,48,600,0,639696,spout02,10,100,abb,1,5/6/2022,sucrose20,sucrose,20
2022_05_06_abb04,48,700,1,639696,spout02,10,100,abb,1,5/6/2022,sucrose20,sucrose,20
2022_05_06_abb04,48,800,1,639696,spout02,10,100,abb,1,5/6/2022,sucrose20,sucrose,20
2022_05_06_abb04,48,900,1,639696,spout02,10,100,abb,1,5/6/2022,sucrose20,sucrose,20
2022_05_06_abb04,48,1000,0,639696,spout02,10,100,abb,1,5/6/2022,sucrose20,sucrose,20
2022_05_06_abb04,48,1100,1,639696,spout02,10,100,abb,1,5/6/2022,sucrose20,sucrose,20
2022_05_06_abb04,48,1200,0,639696,spout02,10,100,abb,1,5/6/2022,sucrose20,sucrose,20
2022_05_06_abb04,48,1300,1,639696,spout02,10,100,abb,1,5/6/2022,sucrose20,sucrose,20
2022_05_06_abb04,48,1400,0,639696,spout02,10,100,abb,1,5/6/2022,sucrose20,sucrose,20
2022_05_06_abb04,48,1500,1,639696,spout02,10,100,abb,1,5/6/2022,sucrose20,sucrose,20
2022_05_06_abb04,48,1600,0,639696,spout02,10,100,abb,1,5/6/2022,sucrose20,sucrose,20
2022_05_06_abb04,48,1700,1,639696,spout02,10,100,abb,1,5/6/2022,sucrose20,sucrose,20
2022_05_06_abb04,48,1800,0,639696,spout02,10,100,abb,1,5/6/2022,sucrose20,sucrose,20
2022_05_06_abb04,48,1900,1,639696,spout02,10,100,abb,1,5/6/2022,sucrose20,sucrose,20
2022_05_06_abb04,48,2000,0,639696,spout02,10,100,abb,1,5/6/2022,sucrose20,sucrose,20
2022_05_06_abb04,48,2100,0,639696,spout02,10,100,abb,1,5/6/2022,sucrose20,sucrose,20
2022_05_06_abb04,48,2200,1,639696,spout02,10,100,abb,1,5/6/2022,sucrose20,sucrose,20
2022_05_06_abb04,48,2300,0,639696,spout02,10,100,abb,1,5/6/2022,sucrose20,sucrose,20
2022_05_06_abb04,48,2400,1,639696,spout02,10,100,abb,1,5/6/2022,sucrose20,sucrose,20
2022_05_06_abb04,48,2500,0,639696,spout02,10,100,abb,1,5/6/2022,sucrose20,sucrose,20
2022_05_06_abb04,48,2600,0,639696,spout02,10,100,abb,1,5/6/2022,sucrose20,sucrose,20
2022_05_06_abb04,48,2700,1,639696,spout02,10,100,abb,1,5/6/2022,sucrose20,sucrose,20
2022_05_06_abb04,48,2800,0,639696,spout02,10,100,abb,1,5/6/2022,sucrose20,sucrose,20
2022_05_06_abb04,48,2900,1,639696,spout02,10,100,abb,1,5/6/2022,sucrose20,sucrose,20
2022_05_06_abb04,49,0,0,654934,spout01,10,100,abb,1,5/6/2022,sucrose05,sucrose,5
2022_05_06_abb04,49,100,0,654934,spout01,10,100,abb,1,5/6/2022,sucrose05,sucrose,5
2022_05_06_abb04,49,200,1,654934,spout01,10,100,abb,1,5/6/2022,sucrose05,sucrose,5
2022_05_06_abb04,49,300,1,654934,spout01,10,100,abb,1,5/6/2022,sucrose05,sucrose,5
2022_05_06_abb04,49,400,0,654934,spout01,10,100,abb,1,5/6/2022,sucrose05,sucrose,5
2022_05_06_abb04,49,500,0,654934,spout01,10,100,abb,1,5/6/2022,sucrose05,sucrose,5
2022_05_06_abb04,49,600,1,654934,spout01,10,100,abb,1,5/6/2022,sucrose05,sucrose,5
2022_05_06_abb04,49,700,1,654934,spout01,10,100,abb,1,5/6/2022,sucrose05,sucrose,5
2022_05_06_abb04,49,800,0,654934,spout01,10,100,abb,1,5/6/2022,sucrose05,sucrose,5
2022_05_06_abb04,49,900,0,654934,spout01,10,100,abb,1,5/6/2022,sucrose05,sucrose,5
2022_05_06_abb04,49,1000,0,654934,spout01,10,100,abb,1,5/6/2022,sucrose05,sucrose,5
2022_05_06_abb04,49,1100,0,654934,spout01,10,100,abb,1,5/6/2022,sucrose05,sucrose,5
2022_05_06_abb04,49,1200,0,654934,spout01,10,100,abb,1,5/6/2022,sucrose05,sucrose,5
2022_05_06_abb04,49,1300,0,654934,spout01,10,100,abb,1,5/6/2022,sucrose05,sucrose,5
2022_05_06_abb04,49,1400,0,654934,spout01,10,100,abb,1,5/6/2022,sucrose05,sucrose,5
2022_05_06_abb04,49,1500,0,654934,spout01,10,100,abb,1,5/6/2022,sucrose05,sucrose,5
2022_05_06_abb04,49,1600,0,654934,spout01,10,100,abb,1,5/6/2022,sucrose05,sucrose,5
2022_05_06_abb04,49,1700,0,654934,spout01,10,100,abb,1,5/6/2022,sucrose05,sucrose,5
2022_05_06_abb04,49,1800,0,654934,spout01,10,100,abb,1,5/6/2022,sucrose05,sucrose,5
2022_05_06_abb04,49,1900,0,654934,spout01,10,100,abb,1,5/6/2022,sucrose05,sucrose,5
2022_05_06_abb04,49,2000,0,654934,spout01,10,100,abb,1,5/6/2022,sucrose05,sucrose,5
2022_05_06_abb04,49,2100,0,654934,spout01,10,100,abb,1,5/6/2022,sucrose05,sucrose,5
2022_05_06_abb04,49,2200,0,654934,spout01,10,100,abb,1,5/6/2022,sucrose05,sucrose,5
2022_05_06_abb04,49,2300,0,654934,spout01,10,100,abb,1,5/6/2022,sucrose05,sucrose,5
2022_05_06_abb04,49,2400,0,654934,spout01,10,100,abb,1,5/6/2022,sucrose05,sucrose,5
2022_05_06_abb04,49,2500,0,654934,spout01,10,100,abb,1,5/6/2022,sucrose05,sucrose,5
2022_05_06_abb04,49,2600,0,654934,spout01,10,100,abb,1,5/6/2022,sucrose05,sucrose,5
2022_05_06_abb04,49,2700,0,654934,spout01,10,100,abb,1,5/6/2022,sucrose05,sucrose,5
2022_05_06_abb04,49,2800,0,654934,spout01,10,100,abb,1,5/6/2022,sucrose05,sucrose,5
2022_05_06_abb04,49,2900,0,654934,spout01,10,100,abb,1,5/6/2022,sucrose05,sucrose,5
2022_05_06_abb04,50,0,0,669656,spout05,10,100,abb,1,5/6/2022,sucrose10,sucrose,10
2022_05_06_abb04,50,100,0,669656,spout05,10,100,abb,1,5/6/2022,sucrose10,sucrose,10
2022_05_06_abb04,50,200,0,669656,spout05,10,100,abb,1,5/6/2022,sucrose10,sucrose,10
2022_05_06_abb04,50,300,0,669656,spout05,10,100,abb,1,5/6/2022,sucrose10,sucrose,10
2022_05_06_abb04,50,400,0,669656,spout05,10,100,abb,1,5/6/2022,sucrose10,sucrose,10
2022_05_06_abb04,50,500,1,669656,spout05,10,100,abb,1,5/6/2022,sucrose10,sucrose,10
2022_05_06_abb04,50,600,0,669656,spout05,10,100,abb,1,5/6/2022,sucrose10,sucrose,10
2022_05_06_abb04,50,700,0,669656,spout05,10,100,abb,1,5/6/2022,sucrose10,sucrose,10
2022_05_06_abb04,50,800,1,669656,spout05,10,100,abb,1,5/6/2022,sucrose10,sucrose,10
2022_05_06_abb04,50,900,1,669656,spout05,10,100,abb,1,5/6/2022,sucrose10,sucrose,10
2022_05_06_abb04,50,1000,1,669656,spout05,10,100,abb,1,5/6/2022,sucrose10,sucrose,10
2022_05_06_abb04,50,1100,1,669656,spout05,10,100,abb,1,5/6/2022,sucrose10,sucrose,10
2022_05_06_abb04,50,1200,0,669656,spout05,10,100,abb,1,5/6/2022,sucrose10,sucrose,10
2022_05_06_abb04,50,1300,1,669656,spout05,10,100,abb,1,5/6/2022,sucrose10,sucrose,10
2022_05_06_abb04,50,1400,0,669656,spout05,10,100,abb,1,5/6/2022,sucrose10,sucrose,10
2022_05_06_abb04,50,1500,1,669656,spout05,10,100,abb,1,5/6/2022,sucrose10,sucrose,10
2022_05_06_abb04,50,1600,0,669656,spout05,10,100,abb,1,5/6/2022,sucrose10,sucrose,10
2022_05_06_abb04,50,1700,0,669656,spout05,10,100,abb,1,5/6/2022,sucrose10,sucrose,10
2022_05_06_abb04,50,1800,1,669656,spout05,10,100,abb,1,5/6/2022,sucrose10,sucrose,10
2022_05_06_abb04,50,1900,1,669656,spout05,10,100,abb,1,5/6/2022,sucrose10,sucrose,10
2022_05_06_abb04,50,2000,1,669656,spout05,10,100,abb,1,5/6/2022,sucrose10,sucrose,10
2022_05_06_abb04,50,2100,0,669656,spout05,10,100,abb,1,5/6/2022,sucrose10,sucrose,10
2022_05_06_abb04,50,2200,1,669656,spout05,10,100,abb,1,5/6/2022,sucrose10,sucrose,10
2022_05_06_abb04,50,2300,0,669656,spout05,10,100,abb,1,5/6/2022,sucrose10,sucrose,10
2022_05_06_abb04,50,2400,0,669656,spout05,10,100,abb,1,5/6/2022,sucrose10,sucrose,10
2022_05_06_abb04,50,2500,1,669656,spout05,10,100,abb,1,5/6/2022,sucrose10,sucrose,10
2022_05_06_abb04,50,2600,0,669656,spout05,10,100,abb,1,5/6/2022,sucrose10,sucrose,10
2022_05_06_abb04,50,2700,1,669656,spout05,10,100,abb,1,5/6/2022,sucrose10,sucrose,10
2022_05_06_abb04,50,2800,0,669656,spout05,10,100,abb,1,5/6/2022,sucrose10,sucrose,10
2022_05_06_abb04,50,2900,0,669656,spout05,10,100,abb,1,5/6/2022,sucrose10,sucrose,10
2022_05_06_abb04,51,0,0,682994,spout05,11,100,abb,1,5/6/2022,sucrose10,sucrose,10
2022_05_06_abb04,51,100,0,682994,spout05,11,100,abb,1,5/6/2022,sucrose10,sucrose,10
2022_05_06_abb04,51,200,1,682994,spout05,11,100,abb,1,5/6/2022,sucrose10,sucrose,10
2022_05_06_abb04,51,300,1,682994,spout05,11,100,abb,1,5/6/2022,sucrose10,sucrose,10
2022_05_06_abb04,51,400,0,682994,spout05,11,100,abb,1,5/6/2022,sucrose10,sucrose,10
2022_05_06_abb04,51,500,1,682994,spout05,11,100,abb,1,5/6/2022,sucrose10,sucrose,10
2022_05_06_abb04,51,600,0,682994,spout05,11,100,abb,1,5/6/2022,sucrose10,sucrose,10
2022_05_06_abb04,51,700,1,682994,spout05,11,100,abb,1,5/6/2022,sucrose10,sucrose,10
2022_05_06_abb04,51,800,1,682994,spout05,11,100,abb,1,5/6/2022,sucrose10,sucrose,10
2022_05_06_abb04,51,900,0,682994,spout05,11,100,abb,1,5/6/2022,sucrose10,sucrose,10
2022_05_06_abb04,51,1000,0,682994,spout05,11,100,abb,1,5/6/2022,sucrose10,sucrose,10
2022_05_06_abb04,51,1100,1,682994,spout05,11,100,abb,1,5/6/2022,sucrose10,sucrose,10
2022_05_06_abb04,51,1200,0,682994,spout05,11,100,abb,1,5/6/2022,sucrose10,sucrose,10
2022_05_06_abb04,51,1300,1,682994,spout05,11,100,abb,1,5/6/2022,sucrose10,sucrose,10
2022_05_06_abb04,51,1400,1,682994,spout05,11,100,abb,1,5/6/2022,sucrose10,sucrose,10
2022_05_06_abb04,51,1500,1,682994,spout05,11,100,abb,1,5/6/2022,sucrose10,sucrose,10
2022_05_06_abb04,51,1600,1,682994,spout05,11,100,abb,1,5/6/2022,sucrose10,sucrose,10
2022_05_06_abb04,51,1700,1,682994,spout05,11,100,abb,1,5/6/2022,sucrose10,sucrose,10
2022_05_06_abb04,51,1800,0,682994,spout05,11,100,abb,1,5/6/2022,sucrose10,sucrose,10
2022_05_06_abb04,51,1900,0,682994,spout05,11,100,abb,1,5/6/2022,sucrose10,sucrose,10
2022_05_06_abb04,51,2000,1,682994,spout05,11,100,abb,1,5/6/2022,sucrose10,sucrose,10
2022_05_06_abb04,51,2100,0,682994,spout05,11,100,abb,1,5/6/2022,sucrose10,sucrose,10
2022_05_06_abb04,51,2200,0,682994,spout05,11,100,abb,1,5/6/2022,sucrose10,sucrose,10
2022_05_06_abb04,51,2300,1,682994,spout05,11,100,abb,1,5/6/2022,sucrose10,sucrose,10
2022_05_06_abb04,51,2400,1,682994,spout05,11,100,abb,1,5/6/2022,sucrose10,sucrose,10
2022_05_06_abb04,51,2500,0,682994,spout05,11,100,abb,1,5/6/2022,sucrose10,sucrose,10
2022_05_06_abb04,51,2600,1,682994,spout05,11,100,abb,1,5/6/2022,sucrose10,sucrose,10
2022_05_06_abb04,51,2700,0,682994,spout05,11,100,abb,1,5/6/2022,sucrose10,sucrose,10
2022_05_06_abb04,51,2800,0,682994,spout05,11,100,abb,1,5/6/2022,sucrose10,sucrose,10
2022_05_06_abb04,51,2900,1,682994,spout05,11,100,abb,1,5/6/2022,sucrose10,sucrose,10
2022_05_06_abb04,52,0,0,698127,spout01,11,100,abb,1,5/6/2022,sucrose05,sucrose,5
2022_05_06_abb04,52,100,0,698127,spout01,11,100,abb,1,5/6/2022,sucrose05,sucrose,5
2022_05_06_abb04,52,200,0,698127,spout01,11,100,abb,1,5/6/2022,sucrose05,sucrose,5
2022_05_06_abb04,52,300,0,698127,spout01,11,100,abb,1,5/6/2022,sucrose05,sucrose,5
2022_05_06_abb04,52,400,0,698127,spout01,11,100,abb,1,5/6/2022,sucrose05,sucrose,5
2022_05_06_abb04,52,500,0,698127,spout01,11,100,abb,1,5/6/2022,sucrose05,sucrose,5
2022_05_06_abb04,52,600,0,698127,spout01,11,100,abb,1,5/6/2022,sucrose05,sucrose,5
2022_05_06_abb04,52,700,0,698127,spout01,11,100,abb,1,5/6/2022,sucrose05,sucrose,5
2022_05_06_abb04,52,800,0,698127,spout01,11,100,abb,1,5/6/2022,sucrose05,sucrose,5
2022_05_06_abb04,52,900,0,698127,spout01,11,100,abb,1,5/6/2022,sucrose05,sucrose,5
2022_05_06_abb04,52,1000,0,698127,spout01,11,100,abb,1,5/6/2022,sucrose05,sucrose,5
2022_05_06_abb04,52,1100,0,698127,spout01,11,100,abb,1,5/6/2022,sucrose05,sucrose,5
2022_05_06_abb04,52,1200,0,698127,spout01,11,100,abb,1,5/6/2022,sucrose05,sucrose,5
2022_05_06_abb04,52,1300,0,698127,spout01,11,100,abb,1,5/6/2022,sucrose05,sucrose,5
2022_05_06_abb04,52,1400,0,698127,spout01,11,100,abb,1,5/6/2022,sucrose05,sucrose,5
2022_05_06_abb04,52,1500,0,698127,spout01,11,100,abb,1,5/6/2022,sucrose05,sucrose,5
2022_05_06_abb04,52,1600,0,698127,spout01,11,100,abb,1,5/6/2022,sucrose05,sucrose,5
2022_05_06_abb04,52,1700,0,698127,spout01,11,100,abb,1,5/6/2022,sucrose05,sucrose,5
2022_05_06_abb04,52,1800,0,698127,spout01,11,100,abb,1,5/6/2022,sucrose05,sucrose,5
2022_05_06_abb04,52,1900,0,698127,spout01,11,100,abb,1,5/6/2022,sucrose05,sucrose,5
2022_05_06_abb04,52,2000,0,698127,spout01,11,100,abb,1,5/6/2022,sucrose05,sucrose,5
2022_05_06_abb04,52,2100,0,698127,spout01,11,100,abb,1,5/6/2022,sucrose05,sucrose,5
2022_05_06_abb04,52,2200,0,698127,spout01,11,100,abb,1,5/6/2022,sucrose05,sucrose,5
2022_05_06_abb04,52,2300,0,698127,spout01,11,100,abb,1,5/6/2022,sucrose05,sucrose,5
2022_05_06_abb04,52,2400,0,698127,spout01,11,100,abb,1,5/6/2022,sucrose05,sucrose,5
2022_05_06_abb04,52,2500,0,698127,spout01,11,100,abb,1,5/6/2022,sucrose05,sucrose,5
2022_05_06_abb04,52,2600,0,698127,spout01,11,100,abb,1,5/6/2022,sucrose05,sucrose,5
2022_05_06_abb04,52,2700,0,698127,spout01,11,100,abb,1,5/6/2022,sucrose05,sucrose,5
2022_05_06_abb04,52,2800,0,698127,spout01,11,100,abb,1,5/6/2022,sucrose05,sucrose,5
2022_05_06_abb04,52,2900,0,698127,spout01,11,100,abb,1,5/6/2022,sucrose05,sucrose,5
2022_05_06_abb04,53,0,0,713174,spout01,12,100,abb,1,5/6/2022,sucrose05,sucrose,5
2022_05_06_abb04,53,100,0,713174,spout01,12,100,abb,1,5/6/2022,sucrose05,sucrose,5
2022_05_06_abb04,53,200,0,713174,spout01,12,100,abb,1,5/6/2022,sucrose05,sucrose,5
2022_05_06_abb04,53,300,0,713174,spout01,12,100,abb,1,5/6/2022,sucrose05,sucrose,5
2022_05_06_abb04,53,400,0,713174,spout01,12,100,abb,1,5/6/2022,sucrose05,sucrose,5
2022_05_06_abb04,53,500,0,713174,spout01,12,100,abb,1,5/6/2022,sucrose05,sucrose,5
2022_05_06_abb04,53,600,0,713174,spout01,12,100,abb,1,5/6/2022,sucrose05,sucrose,5
2022_05_06_abb04,53,700,0,713174,spout01,12,100,abb,1,5/6/2022,sucrose05,sucrose,5
2022_05_06_abb04,53,800,0,713174,spout01,12,100,abb,1,5/6/2022,sucrose05,sucrose,5
2022_05_06_abb04,53,900,0,713174,spout01,12,100,abb,1,5/6/2022,sucrose05,sucrose,5
2022_05_06_abb04,53,1000,0,713174,spout01,12,100,abb,1,5/6/2022,sucrose05,sucrose,5
2022_05_06_abb04,53,1100,0,713174,spout01,12,100,abb,1,5/6/2022,sucrose05,sucrose,5
2022_05_06_abb04,53,1200,0,713174,spout01,12,100,abb,1,5/6/2022,sucrose05,sucrose,5
2022_05_06_abb04,53,1300,0,713174,spout01,12,100,abb,1,5/6/2022,sucrose05,sucrose,5
2022_05_06_abb04,53,1400,0,713174,spout01,12,100,abb,1,5/6/2022,sucrose05,sucrose,5
2022_05_06_abb04,53,1500,0,713174,spout01,12,100,abb,1,5/6/2022,sucrose05,sucrose,5
2022_05_06_abb04,53,1600,0,713174,spout01,12,100,abb,1,5/6/2022,sucrose05,sucrose,5
2022_05_06_abb04,53,1700,0,713174,spout01,12,100,abb,1,5/6/2022,sucrose05,sucrose,5
2022_05_06_abb04,53,1800,0,713174,spout01,12,100,abb,1,5/6/2022,sucrose05,sucrose,5
2022_05_06_abb04,53,1900,0,713174,spout01,12,100,abb,1,5/6/2022,sucrose05,sucrose,5
2022_05_06_abb04,53,2000,0,713174,spout01,12,100,abb,1,5/6/2022,sucrose05,sucrose,5
2022_05_06_abb04,53,2100,0,713174,spout01,12,100,abb,1,5/6/2022,sucrose05,sucrose,5
2022_05_06_abb04,53,2200,0,713174,spout01,12,100,abb,1,5/6/2022,sucrose05,sucrose,5
2022_05_06_abb04,53,2300,0,713174,spout01,12,100,abb,1,5/6/2022,sucrose05,sucrose,5
2022_05_06_abb04,53,2400,0,713174,spout01,12,100,abb,1,5/6/2022,sucrose05,sucrose,5
2022_05_06_abb04,53,2500,0,713174,spout01,12,100,abb,1,5/6/2022,sucrose05,sucrose,5
2022_05_06_abb04,53,2600,0,713174,spout01,12,100,abb,1,5/6/2022,sucrose05,sucrose,5
2022_05_06_abb04,53,2700,0,713174,spout01,12,100,abb,1,5/6/2022,sucrose05,sucrose,5
2022_05_06_abb04,53,2800,0,713174,spout01,12,100,abb,1,5/6/2022,sucrose05,sucrose,5
2022_05_06_abb04,53,2900,0,713174,spout01,12,100,abb,1,5/6/2022,sucrose05,sucrose,5
2022_05_06_abb04,54,0,0,728765,spout04,11,100,abb,1,5/6/2022,sucrose30,sucrose,30
2022_05_06_abb04,54,100,0,728765,spout04,11,100,abb,1,5/6/2022,sucrose30,sucrose,30
2022_05_06_abb04,54,200,0,728765,spout04,11,100,abb,1,5/6/2022,sucrose30,sucrose,30
2022_05_06_abb04,54,300,0,728765,spout04,11,100,abb,1,5/6/2022,sucrose30,sucrose,30
2022_05_06_abb04,54,400,0,728765,spout04,11,100,abb,1,5/6/2022,sucrose30,sucrose,30
2022_05_06_abb04,54,500,0,728765,spout04,11,100,abb,1,5/6/2022,sucrose30,sucrose,30
2022_05_06_abb04,54,600,0,728765,spout04,11,100,abb,1,5/6/2022,sucrose30,sucrose,30
2022_05_06_abb04,54,700,0,728765,spout04,11,100,abb,1,5/6/2022,sucrose30,sucrose,30
2022_05_06_abb04,54,800,0,728765,spout04,11,100,abb,1,5/6/2022,sucrose30,sucrose,30
2022_05_06_abb04,54,900,0,728765,spout04,11,100,abb,1,5/6/2022,sucrose30,sucrose,30
2022_05_06_abb04,54,1000,0,728765,spout04,11,100,abb,1,5/6/2022,sucrose30,sucrose,30
2022_05_06_abb04,54,1100,0,728765,spout04,11,100,abb,1,5/6/2022,sucrose30,sucrose,30
2022_05_06_abb04,54,1200,0,728765,spout04,11,100,abb,1,5/6/2022,sucrose30,sucrose,30
2022_05_06_abb04,54,1300,0,728765,spout04,11,100,abb,1,5/6/2022,sucrose30,sucrose,30
2022_05_06_abb04,54,1400,0,728765,spout04,11,100,abb,1,5/6/2022,sucrose30,sucrose,30
2022_05_06_abb04,54,1500,0,728765,spout04,11,100,abb,1,5/6/2022,sucrose30,sucrose,30
2022_05_06_abb04,54,1600,0,728765,spout04,11,100,abb,1,5/6/2022,sucrose30,sucrose,30
2022_05_06_abb04,54,1700,0,728765,spout04,11,100,abb,1,5/6/2022,sucrose30,sucrose,30
2022_05_06_abb04,54,1800,0,728765,spout04,11,100,abb,1,5/6/2022,sucrose30,sucrose,30
2022_05_06_abb04,54,1900,0,728765,spout04,11,100,abb,1,5/6/2022,sucrose30,sucrose,30
2022_05_06_abb04,54,2000,0,728765,spout04,11,100,abb,1,5/6/2022,sucrose30,sucrose,30
2022_05_06_abb04,54,2100,0,728765,spout04,11,100,abb,1,5/6/2022,sucrose30,sucrose,30
2022_05_06_abb04,54,2200,0,728765,spout04,11,100,abb,1,5/6/2022,sucrose30,sucrose,30
2022_05_06_abb04,54,2300,0,728765,spout04,11,100,abb,1,5/6/2022,sucrose30,sucrose,30
2022_05_06_abb04,54,2400,0,728765,spout04,11,100,abb,1,5/6/2022,sucrose30,sucrose,30
2022_05_06_abb04,54,2500,0,728765,spout04,11,100,abb,1,5/6/2022,sucrose30,sucrose,30
2022_05_06_abb04,54,2600,0,728765,spout04,11,100,abb,1,5/6/2022,sucrose30,sucrose,30
2022_05_06_abb04,54,2700,0,728765,spout04,11,100,abb,1,5/6/2022,sucrose30,sucrose,30
2022_05_06_abb04,54,2800,0,728765,spout04,11,100,abb,1,5/6/2022,sucrose30,sucrose,30
2022_05_06_abb04,54,2900,0,728765,spout04,11,100,abb,1,5/6/2022,sucrose30,sucrose,30
2022_05_06_abb04,55,0,0,742081,spout03,11,100,abb,1,5/6/2022,sucrose00,sucrose,0
2022_05_06_abb04,55,100,0,742081,spout03,11,100,abb,1,5/6/2022,sucrose00,sucrose,0
2022_05_06_abb04,55,200,0,742081,spout03,11,100,abb,1,5/6/2022,sucrose00,sucrose,0
2022_05_06_abb04,55,300,0,742081,spout03,11,100,abb,1,5/6/2022,sucrose00,sucrose,0
2022_05_06_abb04,55,400,0,742081,spout03,11,100,abb,1,5/6/2022,sucrose00,sucrose,0
2022_05_06_abb04,55,500,0,742081,spout03,11,100,abb,1,5/6/2022,sucrose00,sucrose,0
2022_05_06_abb04,55,600,0,742081,spout03,11,100,abb,1,5/6/2022,sucrose00,sucrose,0
2022_05_06_abb04,55,700,0,742081,spout03,11,100,abb,1,5/6/2022,sucrose00,sucrose,0
2022_05_06_abb04,55,800,0,742081,spout03,11,100,abb,1,5/6/2022,sucrose00,sucrose,0
2022_05_06_abb04,55,900,0,742081,spout03,11,100,abb,1,5/6/2022,sucrose00,sucrose,0
2022_05_06_abb04,55,1000,0,742081,spout03,11,100,abb,1,5/6/2022,sucrose00,sucrose,0
2022_05_06_abb04,55,1100,0,742081,spout03,11,100,abb,1,5/6/2022,sucrose00,sucrose,0
2022_05_06_abb04,55,1200,0,742081,spout03,11,100,abb,1,5/6/2022,sucrose00,sucrose,0
2022_05_06_abb04,55,1300,0,742081,spout03,11,100,abb,1,5/6/2022,sucrose00,sucrose,0
2022_05_06_abb04,55,1400,0,742081,spout03,11,100,abb,1,5/6/2022,sucrose00,sucrose,0
2022_05_06_abb04,55,1500,0,742081,spout03,11,100,abb,1,5/6/2022,sucrose00,sucrose,0
2022_05_06_abb04,55,1600,0,742081,spout03,11,100,abb,1,5/6/2022,sucrose00,sucrose,0
2022_05_06_abb04,55,1700,0,742081,spout03,11,100,abb,1,5/6/2022,sucrose00,sucrose,0
2022_05_06_abb04,55,1800,0,742081,spout03,11,100,abb,1,5/6/2022,sucrose00,sucrose,0
2022_05_06_abb04,55,1900,0,742081,spout03,11,100,abb,1,5/6/2022,sucrose00,sucrose,0
2022_05_06_abb04,55,2000,0,742081,spout03,11,100,abb,1,5/6/2022,sucrose00,sucrose,0
2022_05_06_abb04,55,2100,0,742081,spout03,11,100,abb,1,5/6/2022,sucrose00,sucrose,0
2022_05_06_abb04,55,2200,0,742081,spout03,11,100,abb,1,5/6/2022,sucrose00,sucrose,0
2022_05_06_abb04,55,2300,0,742081,spout03,11,100,abb,1,5/6/2022,sucrose00,sucrose,0
2022_05_06_abb04,55,2400,0,742081,spout03,11,100,abb,1,5/6/2022,sucrose00,sucrose,0
2022_05_06_abb04,55,2500,0,742081,spout03,11,100,abb,1,5/6/2022,sucrose00,sucrose,0
2022_05_06_abb04,55,2600,0,742081,spout03,11,100,abb,1,5/6/2022,sucrose00,sucrose,0
2022_05_06_abb04,55,2700,0,742081,spout03,11,100,abb,1,5/6/2022,sucrose00,sucrose,0
2022_05_06_abb04,55,2800,0,742081,spout03,11,100,abb,1,5/6/2022,sucrose00,sucrose,0
2022_05_06_abb04,55,2900,0,742081,spout03,11,100,abb,1,5/6/2022,sucrose00,sucrose,0
2022_05_06_abb04,56,0,0,755137,spout02,11,100,abb,1,5/6/2022,sucrose20,sucrose,20
2022_05_06_abb04,56,100,0,755137,spout02,11,100,abb,1,5/6/2022,sucrose20,sucrose,20
2022_05_06_abb04,56,200,0,755137,spout02,11,100,abb,1,5/6/2022,sucrose20,sucrose,20
2022_05_06_abb04,56,300,0,755137,spout02,11,100,abb,1,5/6/2022,sucrose20,sucrose,20
2022_05_06_abb04,56,400,1,755137,spout02,11,100,abb,1,5/6/2022,sucrose20,sucrose,20
2022_05_06_abb04,56,500,0,755137,spout02,11,100,abb,1,5/6/2022,sucrose20,sucrose,20
2022_05_06_abb04,56,600,0,755137,spout02,11,100,abb,1,5/6/2022,sucrose20,sucrose,20
2022_05_06_abb04,56,700,0,755137,spout02,11,100,abb,1,5/6/2022,sucrose20,sucrose,20
2022_05_06_abb04,56,800,1,755137,spout02,11,100,abb,1,5/6/2022,sucrose20,sucrose,20
2022_05_06_abb04,56,900,0,755137,spout02,11,100,abb,1,5/6/2022,sucrose20,sucrose,20
2022_05_06_abb04,56,1000,0,755137,spout02,11,100,abb,1,5/6/2022,sucrose20,sucrose,20
2022_05_06_abb04,56,1100,1,755137,spout02,11,100,abb,1,5/6/2022,sucrose20,sucrose,20
2022_05_06_abb04,56,1200,0,755137,spout02,11,100,abb,1,5/6/2022,sucrose20,sucrose,20
2022_05_06_abb04,56,1300,1,755137,spout02,11,100,abb,1,5/6/2022,sucrose20,sucrose,20
2022_05_06_abb04,56,1400,0,755137,spout02,11,100,abb,1,5/6/2022,sucrose20,sucrose,20
2022_05_06_abb04,56,1500,1,755137,spout02,11,100,abb,1,5/6/2022,sucrose20,sucrose,20
2022_05_06_abb04,56,1600,0,755137,spout02,11,100,abb,1,5/6/2022,sucrose20,sucrose,20
2022_05_06_abb04,56,1700,1,755137,spout02,11,100,abb,1,5/6/2022,sucrose20,sucrose,20
2022_05_06_abb04,56,1800,0,755137,spout02,11,100,abb,1,5/6/2022,sucrose20,sucrose,20
2022_05_06_abb04,56,1900,1,755137,spout02,11,100,abb,1,5/6/2022,sucrose20,sucrose,20
2022_05_06_abb04,56,2000,1,755137,spout02,11,100,abb,1,5/6/2022,sucrose20,sucrose,20
2022_05_06_abb04,56,2100,0,755137,spout02,11,100,abb,1,5/6/2022,sucrose20,sucrose,20
2022_05_06_abb04,56,2200,1,755137,spout02,11,100,abb,1,5/6/2022,sucrose20,sucrose,20
2022_05_06_abb04,56,2300,0,755137,spout02,11,100,abb,1,5/6/2022,sucrose20,sucrose,20
2022_05_06_abb04,56,2400,0,755137,spout02,11,100,abb,1,5/6/2022,sucrose20,sucrose,20
2022_05_06_abb04,56,2500,1,755137,spout02,11,100,abb,1,5/6/2022,sucrose20,sucrose,20
2022_05_06_abb04,56,2600,0,755137,spout02,11,100,abb,1,5/6/2022,sucrose20,sucrose,20
2022_05_06_abb04,56,2700,1,755137,spout02,11,100,abb,1,5/6/2022,sucrose20,sucrose,20
2022_05_06_abb04,56,2800,1,755137,spout02,11,100,abb,1,5/6/2022,sucrose20,sucrose,20
2022_05_06_abb04,56,2900,0,755137,spout02,11,100,abb,1,5/6/2022,sucrose20,sucrose,20
2022_05_06_abb04,57,0,0,770037,spout02,12,100,abb,1,5/6/2022,sucrose20,sucrose,20
2022_05_06_abb04,57,100,0,770037,spout02,12,100,abb,1,5/6/2022,sucrose20,sucrose,20
2022_05_06_abb04,57,200,1,770037,spout02,12,100,abb,1,5/6/2022,sucrose20,sucrose,20
2022_05_06_abb04,57,300,1,770037,spout02,12,100,abb,1,5/6/2022,sucrose20,sucrose,20
2022_05_06_abb04,57,400,0,770037,spout02,12,100,abb,1,5/6/2022,sucrose20,sucrose,20
2022_05_06_abb04,57,500,1,770037,spout02,12,100,abb,1,5/6/2022,sucrose20,sucrose,20
2022_05_06_abb04,57,600,0,770037,spout02,12,100,abb,1,5/6/2022,sucrose20,sucrose,20
2022_05_06_abb04,57,700,1,770037,spout02,12,100,abb,1,5/6/2022,sucrose20,sucrose,20
2022_05_06_abb04,57,800,1,770037,spout02,12,100,abb,1,5/6/2022,sucrose20,sucrose,20
2022_05_06_abb04,57,900,1,770037,spout02,12,100,abb,1,5/6/2022,sucrose20,sucrose,20
2022_05_06_abb04,57,1000,0,770037,spout02,12,100,abb,1,5/6/2022,sucrose20,sucrose,20
2022_05_06_abb04,57,1100,0,770037,spout02,12,100,abb,1,5/6/2022,sucrose20,sucrose,20
2022_05_06_abb04,57,1200,1,770037,spout02,12,100,abb,1,5/6/2022,sucrose20,sucrose,20
2022_05_06_abb04,57,1300,1,770037,spout02,12,100,abb,1,5/6/2022,sucrose20,sucrose,20
2022_05_06_abb04,57,1400,1,770037,spout02,12,100,abb,1,5/6/2022,sucrose20,sucrose,20
2022_05_06_abb04,57,1500,1,770037,spout02,12,100,abb,1,5/6/2022,sucrose20,sucrose,20
2022_05_06_abb04,57,1600,1,770037,spout02,12,100,abb,1,5/6/2022,sucrose20,sucrose,20
2022_05_06_abb04,57,1700,0,770037,spout02,12,100,abb,1,5/6/2022,sucrose20,sucrose,20
2022_05_06_abb04,57,1800,1,770037,spout02,12,100,abb,1,5/6/2022,sucrose20,sucrose,20
2022_05_06_abb04,57,1900,0,770037,spout02,12,100,abb,1,5/6/2022,sucrose20,sucrose,20
2022_05_06_abb04,57,2000,1,770037,spout02,12,100,abb,1,5/6/2022,sucrose20,sucrose,20
2022_05_06_abb04,57,2100,1,770037,spout02,12,100,abb,1,5/6/2022,sucrose20,sucrose,20
2022_05_06_abb04,57,2200,0,770037,spout02,12,100,abb,1,5/6/2022,sucrose20,sucrose,20
2022_05_06_abb04,57,2300,1,770037,spout02,12,100,abb,1,5/6/2022,sucrose20,sucrose,20
2022_05_06_abb04,57,2400,0,770037,spout02,12,100,abb,1,5/6/2022,sucrose20,sucrose,20
2022_05_06_abb04,57,2500,0,770037,spout02,12,100,abb,1,5/6/2022,sucrose20,sucrose,20
2022_05_06_abb04,57,2600,0,770037,spout02,12,100,abb,1,5/6/2022,sucrose20,sucrose,20
2022_05_06_abb04,57,2700,0,770037,spout02,12,100,abb,1,5/6/2022,sucrose20,sucrose,20
2022_05_06_abb04,57,2800,0,770037,spout02,12,100,abb,1,5/6/2022,sucrose20,sucrose,20
2022_05_06_abb04,57,2900,0,770037,spout02,12,100,abb,1,5/6/2022,sucrose20,sucrose,20
2022_05_06_abb04,58,0,0,782516,spout05,12,100,abb,1,5/6/2022,sucrose10,sucrose,10
2022_05_06_abb04,58,100,0,782516,spout05,12,100,abb,1,5/6/2022,sucrose10,sucrose,10
2022_05_06_abb04,58,200,0,782516,spout05,12,100,abb,1,5/6/2022,sucrose10,sucrose,10
2022_05_06_abb04,58,300,0,782516,spout05,12,100,abb,1,5/6/2022,sucrose10,sucrose,10
2022_05_06_abb04,58,400,0,782516,spout05,12,100,abb,1,5/6/2022,sucrose10,sucrose,10
2022_05_06_abb04,58,500,1,782516,spout05,12,100,abb,1,5/6/2022,sucrose10,sucrose,10
2022_05_06_abb04,58,600,1,782516,spout05,12,100,abb,1,5/6/2022,sucrose10,sucrose,10
2022_05_06_abb04,58,700,1,782516,spout05,12,100,abb,1,5/6/2022,sucrose10,sucrose,10
2022_05_06_abb04,58,800,0,782516,spout05,12,100,abb,1,5/6/2022,sucrose10,sucrose,10
2022_05_06_abb04,58,900,1,782516,spout05,12,100,abb,1,5/6/2022,sucrose10,sucrose,10
2022_05_06_abb04,58,1000,0,782516,spout05,12,100,abb,1,5/6/2022,sucrose10,sucrose,10
2022_05_06_abb04,58,1100,0,782516,spout05,12,100,abb,1,5/6/2022,sucrose10,sucrose,10
2022_05_06_abb04,58,1200,1,782516,spout05,12,100,abb,1,5/6/2022,sucrose10,sucrose,10
2022_05_06_abb04,58,1300,1,782516,spout05,12,100,abb,1,5/6/2022,sucrose10,sucrose,10
2022_05_06_abb04,58,1400,0,782516,spout05,12,100,abb,1,5/6/2022,sucrose10,sucrose,10
2022_05_06_abb04,58,1500,0,782516,spout05,12,100,abb,1,5/6/2022,sucrose10,sucrose,10
2022_05_06_abb04,58,1600,0,782516,spout05,12,100,abb,1,5/6/2022,sucrose10,sucrose,10
2022_05_06_abb04,58,1700,0,782516,spout05,12,100,abb,1,5/6/2022,sucrose10,sucrose,10
2022_05_06_abb04,58,1800,0,782516,spout05,12,100,abb,1,5/6/2022,sucrose10,sucrose,10
2022_05_06_abb04,58,1900,0,782516,spout05,12,100,abb,1,5/6/2022,sucrose10,sucrose,10
2022_05_06_abb04,58,2000,0,782516,spout05,12,100,abb,1,5/6/2022,sucrose10,sucrose,10
2022_05_06_abb04,58,2100,0,782516,spout05,12,100,abb,1,5/6/2022,sucrose10,sucrose,10
2022_05_06_abb04,58,2200,0,782516,spout05,12,100,abb,1,5/6/2022,sucrose10,sucrose,10
2022_05_06_abb04,58,2300,0,782516,spout05,12,100,abb,1,5/6/2022,sucrose10,sucrose,10
2022_05_06_abb04,58,2400,0,782516,spout05,12,100,abb,1,5/6/2022,sucrose10,sucrose,10
2022_05_06_abb04,58,2500,0,782516,spout05,12,100,abb,1,5/6/2022,sucrose10,sucrose,10
2022_05_06_abb04,58,2600,0,782516,spout05,12,100,abb,1,5/6/2022,sucrose10,sucrose,10
2022_05_06_abb04,58,2700,0,782516,spout05,12,100,abb,1,5/6/2022,sucrose10,sucrose,10
2022_05_06_abb04,58,2800,0,782516,spout05,12,100,abb,1,5/6/2022,sucrose10,sucrose,10
2022_05_06_abb04,58,2900,0,782516,spout05,12,100,abb,1,5/6/2022,sucrose10,sucrose,10
2022_05_06_abb04,59,0,0,794384,spout04,12,100,abb,1,5/6/2022,sucrose30,sucrose,30
2022_05_06_abb04,59,100,0,794384,spout04,12,100,abb,1,5/6/2022,sucrose30,sucrose,30
2022_05_06_abb04,59,200,0,794384,spout04,12,100,abb,1,5/6/2022,sucrose30,sucrose,30
2022_05_06_abb04,59,300,0,794384,spout04,12,100,abb,1,5/6/2022,sucrose30,sucrose,30
2022_05_06_abb04,59,400,1,794384,spout04,12,100,abb,1,5/6/2022,sucrose30,sucrose,30
2022_05_06_abb04,59,500,0,794384,spout04,12,100,abb,1,5/6/2022,sucrose30,sucrose,30
2022_05_06_abb04,59,600,1,794384,spout04,12,100,abb,1,5/6/2022,sucrose30,sucrose,30
2022_05_06_abb04,59,700,0,794384,spout04,12,100,abb,1,5/6/2022,sucrose30,sucrose,30
2022_05_06_abb04,59,800,1,794384,spout04,12,100,abb,1,5/6/2022,sucrose30,sucrose,30
2022_05_06_abb04,59,900,0,794384,spout04,12,100,abb,1,5/6/2022,sucrose30,sucrose,30
2022_05_06_abb04,59,1000,0,794384,spout04,12,100,abb,1,5/6/2022,sucrose30,sucrose,30
2022_05_06_abb04,59,1100,1,794384,spout04,12,100,abb,1,5/6/2022,sucrose30,sucrose,30
2022_05_06_abb04,59,1200,0,794384,spout04,12,100,abb,1,5/6/2022,sucrose30,sucrose,30
2022_05_06_abb04,59,1300,1,794384,spout04,12,100,abb,1,5/6/2022,sucrose30,sucrose,30
2022_05_06_abb04,59,1400,1,794384,spout04,12,100,abb,1,5/6/2022,sucrose30,sucrose,30
2022_05_06_abb04,59,1500,0,794384,spout04,12,100,abb,1,5/6/2022,sucrose30,sucrose,30
2022_05_06_abb04,59,1600,1,794384,spout04,12,100,abb,1,5/6/2022,sucrose30,sucrose,30
2022_05_06_abb04,59,1700,0,794384,spout04,12,100,abb,1,5/6/2022,sucrose30,sucrose,30
2022_05_06_abb04,59,1800,1,794384,spout04,12,100,abb,1,5/6/2022,sucrose30,sucrose,30
2022_05_06_abb04,59,1900,1,794384,spout04,12,100,abb,1,5/6/2022,sucrose30,sucrose,30
2022_05_06_abb04,59,2000,0,794384,spout04,12,100,abb,1,5/6/2022,sucrose30,sucrose,30
2022_05_06_abb04,59,2100,1,794384,spout04,12,100,abb,1,5/6/2022,sucrose30,sucrose,30
2022_05_06_abb04,59,2200,0,794384,spout04,12,100,abb,1,5/6/2022,sucrose30,sucrose,30
2022_05_06_abb04,59,2300,1,794384,spout04,12,100,abb,1,5/6/2022,sucrose30,sucrose,30
2022_05_06_abb04,59,2400,1,794384,spout04,12,100,abb,1,5/6/2022,sucrose30,sucrose,30
2022_05_06_abb04,59,2500,1,794384,spout04,12,100,abb,1,5/6/2022,sucrose30,sucrose,30
2022_05_06_abb04,59,2600,0,794384,spout04,12,100,abb,1,5/6/2022,sucrose30,sucrose,30
2022_05_06_abb04,59,2700,0,794384,spout04,12,100,abb,1,5/6/2022,sucrose30,sucrose,30
2022_05_06_abb04,59,2800,1,794384,spout04,12,100,abb,1,5/6/2022,sucrose30,sucrose,30
2022_05_06_abb04,59,2900,1,794384,spout04,12,100,abb,1,5/6/2022,sucrose30,sucrose,30
2022_05_06_abb04,60,0,0,809270,spout03,12,100,abb,1,5/6/2022,sucrose00,sucrose,0
2022_05_06_abb04,60,100,0,809270,spout03,12,100,abb,1,5/6/2022,sucrose00,sucrose,0
2022_05_06_abb04,60,200,0,809270,spout03,12,100,abb,1,5/6/2022,sucrose00,sucrose,0
2022_05_06_abb04,60,300,0,809270,spout03,12,100,abb,1,5/6/2022,sucrose00,sucrose,0
2022_05_06_abb04,60,400,0,809270,spout03,12,100,abb,1,5/6/2022,sucrose00,sucrose,0
2022_05_06_abb04,60,500,0,809270,spout03,12,100,abb,1,5/6/2022,sucrose00,sucrose,0
2022_05_06_abb04,60,600,0,809270,spout03,12,100,abb,1,5/6/2022,sucrose00,sucrose,0
2022_05_06_abb04,60,700,0,809270,spout03,12,100,abb,1,5/6/2022,sucrose00,sucrose,0
2022_05_06_abb04,60,800,0,809270,spout03,12,100,abb,1,5/6/2022,sucrose00,sucrose,0
2022_05_06_abb04,60,900,0,809270,spout03,12,100,abb,1,5/6/2022,sucrose00,sucrose,0
2022_05_06_abb04,60,1000,0,809270,spout03,12,100,abb,1,5/6/2022,sucrose00,sucrose,0
2022_05_06_abb04,60,1100,0,809270,spout03,12,100,abb,1,5/6/2022,sucrose00,sucrose,0
2022_05_06_abb04,60,1200,0,809270,spout03,12,100,abb,1,5/6/2022,sucrose00,sucrose,0
2022_05_06_abb04,60,1300,0,809270,spout03,12,100,abb,1,5/6/2022,sucrose00,sucrose,0
2022_05_06_abb04,60,1400,0,809270,spout03,12,100,abb,1,5/6/2022,sucrose00,sucrose,0
2022_05_06_abb04,60,1500,0,809270,spout03,12,100,abb,1,5/6/2022,sucrose00,sucrose,0
2022_05_06_abb04,60,1600,0,809270,spout03,12,100,abb,1,5/6/2022,sucrose00,sucrose,0
2022_05_06_abb04,60,1700,0,809270,spout03,12,100,abb,1,5/6/2022,sucrose00,sucrose,0
2022_05_06_abb04,60,1800,0,809270,spout03,12,100,abb,1,5/6/2022,sucrose00,sucrose,0
2022_05_06_abb04,60,1900,0,809270,spout03,12,100,abb,1,5/6/2022,sucrose00,sucrose,0
2022_05_06_abb04,60,2000,0,809270,spout03,12,100,abb,1,5/6/2022,sucrose00,sucrose,0
2022_05_06_abb04,60,2100,0,809270,spout03,12,100,abb,1,5/6/2022,sucrose00,sucrose,0
2022_05_06_abb04,60,2200,0,809270,spout03,12,100,abb,1,5/6/2022,sucrose00,sucrose,0
2022_05_06_abb04,60,2300,0,809270,spout03,12,100,abb,1,5/6/2022,sucrose00,sucrose,0
2022_05_06_abb04,60,2400,0,809270,spout03,12,100,abb,1,5/6/2022,sucrose00,sucrose,0
2022_05_06_abb04,60,2500,0,809270,spout03,12,100,abb,1,5/6/2022,sucrose00,sucrose,0
2022_05_06_abb04,60,2600,0,809270,spout03,12,100,abb,1,5/6/2022,sucrose00,sucrose,0
2022_05_06_abb04,60,2700,0,809270,spout03,12,100,abb,1,5/6/2022,sucrose00,sucrose,0
2022_05_06_abb04,60,2800,0,809270,spout03,12,100,abb,1,5/6/2022,sucrose00,sucrose,0
2022_05_06_abb04,60,2900,0,809270,spout03,12,100,abb,1,5/6/2022,sucrose00,sucrose,0
2022_05_06_abb04,61,0,0,825144,spout01,13,100,abb,1,5/6/2022,sucrose05,sucrose,5
2022_05_06_abb04,61,100,0,825144,spout01,13,100,abb,1,5/6/2022,sucrose05,sucrose,5
2022_05_06_abb04,61,200,0,825144,spout01,13,100,abb,1,5/6/2022,sucrose05,sucrose,5
2022_05_06_abb04,61,300,0,825144,spout01,13,100,abb,1,5/6/2022,sucrose05,sucrose,5
2022_05_06_abb04,61,400,0,825144,spout01,13,100,abb,1,5/6/2022,sucrose05,sucrose,5
2022_05_06_abb04,61,500,0,825144,spout01,13,100,abb,1,5/6/2022,sucrose05,sucrose,5
2022_05_06_abb04,61,600,0,825144,spout01,13,100,abb,1,5/6/2022,sucrose05,sucrose,5
2022_05_06_abb04,61,700,0,825144,spout01,13,100,abb,1,5/6/2022,sucrose05,sucrose,5
2022_05_06_abb04,61,800,0,825144,spout01,13,100,abb,1,5/6/2022,sucrose05,sucrose,5
2022_05_06_abb04,61,900,0,825144,spout01,13,100,abb,1,5/6/2022,sucrose05,sucrose,5
2022_05_06_abb04,61,1000,0,825144,spout01,13,100,abb,1,5/6/2022,sucrose05,sucrose,5
2022_05_06_abb04,61,1100,0,825144,spout01,13,100,abb,1,5/6/2022,sucrose05,sucrose,5
2022_05_06_abb04,61,1200,0,825144,spout01,13,100,abb,1,5/6/2022,sucrose05,sucrose,5
2022_05_06_abb04,61,1300,0,825144,spout01,13,100,abb,1,5/6/2022,sucrose05,sucrose,5
2022_05_06_abb04,61,1400,0,825144,spout01,13,100,abb,1,5/6/2022,sucrose05,sucrose,5
2022_05_06_abb04,61,1500,0,825144,spout01,13,100,abb,1,5/6/2022,sucrose05,sucrose,5
2022_05_06_abb04,61,1600,0,825144,spout01,13,100,abb,1,5/6/2022,sucrose05,sucrose,5
2022_05_06_abb04,61,1700,0,825144,spout01,13,100,abb,1,5/6/2022,sucrose05,sucrose,5
2022_05_06_abb04,61,1800,0,825144,spout01,13,100,abb,1,5/6/2022,sucrose05,sucrose,5
2022_05_06_abb04,61,1900,0,825144,spout01,13,100,abb,1,5/6/2022,sucrose05,sucrose,5
2022_05_06_abb04,61,2000,0,825144,spout01,13,100,abb,1,5/6/2022,sucrose05,sucrose,5
2022_05_06_abb04,61,2100,0,825144,spout01,13,100,abb,1,5/6/2022,sucrose05,sucrose,5
2022_05_06_abb04,61,2200,0,825144,spout01,13,100,abb,1,5/6/2022,sucrose05,sucrose,5
2022_05_06_abb04,61,2300,0,825144,spout01,13,100,abb,1,5/6/2022,sucrose05,sucrose,5
2022_05_06_abb04,61,2400,0,825144,spout01,13,100,abb,1,5/6/2022,sucrose05,sucrose,5
2022_05_06_abb04,61,2500,0,825144,spout01,13,100,abb,1,5/6/2022,sucrose05,sucrose,5
2022_05_06_abb04,61,2600,0,825144,spout01,13,100,abb,1,5/6/2022,sucrose05,sucrose,5
2022_05_06_abb04,61,2700,0,825144,spout01,13,100,abb,1,5/6/2022,sucrose05,sucrose,5
2022_05_06_abb04,61,2800,0,825144,spout01,13,100,abb,1,5/6/2022,sucrose05,sucrose,5
2022_05_06_abb04,61,2900,0,825144,spout01,13,100,abb,1,5/6/2022,sucrose05,sucrose,5
2022_05_06_abb04,62,0,0,836827,spout03,13,100,abb,1,5/6/2022,sucrose00,sucrose,0
2022_05_06_abb04,62,100,0,836827,spout03,13,100,abb,1,5/6/2022,sucrose00,sucrose,0
2022_05_06_abb04,62,200,0,836827,spout03,13,100,abb,1,5/6/2022,sucrose00,sucrose,0
2022_05_06_abb04,62,300,0,836827,spout03,13,100,abb,1,5/6/2022,sucrose00,sucrose,0
2022_05_06_abb04,62,400,0,836827,spout03,13,100,abb,1,5/6/2022,sucrose00,sucrose,0
2022_05_06_abb04,62,500,0,836827,spout03,13,100,abb,1,5/6/2022,sucrose00,sucrose,0
2022_05_06_abb04,62,600,0,836827,spout03,13,100,abb,1,5/6/2022,sucrose00,sucrose,0
2022_05_06_abb04,62,700,0,836827,spout03,13,100,abb,1,5/6/2022,sucrose00,sucrose,0
2022_05_06_abb04,62,800,0,836827,spout03,13,100,abb,1,5/6/2022,sucrose00,sucrose,0
2022_05_06_abb04,62,900,0,836827,spout03,13,100,abb,1,5/6/2022,sucrose00,sucrose,0
2022_05_06_abb04,62,1000,0,836827,spout03,13,100,abb,1,5/6/2022,sucrose00,sucrose,0
2022_05_06_abb04,62,1100,0,836827,spout03,13,100,abb,1,5/6/2022,sucrose00,sucrose,0
2022_05_06_abb04,62,1200,0,836827,spout03,13,100,abb,1,5/6/2022,sucrose00,sucrose,0
2022_05_06_abb04,62,1300,0,836827,spout03,13,100,abb,1,5/6/2022,sucrose00,sucrose,0
2022_05_06_abb04,62,1400,0,836827,spout03,13,100,abb,1,5/6/2022,sucrose00,sucrose,0
2022_05_06_abb04,62,1500,0,836827,spout03,13,100,abb,1,5/6/2022,sucrose00,sucrose,0
2022_05_06_abb04,62,1600,0,836827,spout03,13,100,abb,1,5/6/2022,sucrose00,sucrose,0
2022_05_06_abb04,62,1700,0,836827,spout03,13,100,abb,1,5/6/2022,sucrose00,sucrose,0
2022_05_06_abb04,62,1800,0,836827,spout03,13,100,abb,1,5/6/2022,sucrose00,sucrose,0
2022_05_06_abb04,62,1900,0,836827,spout03,13,100,abb,1,5/6/2022,sucrose00,sucrose,0
2022_05_06_abb04,62,2000,0,836827,spout03,13,100,abb,1,5/6/2022,sucrose00,sucrose,0
2022_05_06_abb04,62,2100,0,836827,spout03,13,100,abb,1,5/6/2022,sucrose00,sucrose,0
2022_05_06_abb04,62,2200,0,836827,spout03,13,100,abb,1,5/6/2022,sucrose00,sucrose,0
2022_05_06_abb04,62,2300,0,836827,spout03,13,100,abb,1,5/6/2022,sucrose00,sucrose,0
2022_05_06_abb04,62,2400,0,836827,spout03,13,100,abb,1,5/6/2022,sucrose00,sucrose,0
2022_05_06_abb04,62,2500,0,836827,spout03,13,100,abb,1,5/6/2022,sucrose00,sucrose,0
2022_05_06_abb04,62,2600,0,836827,spout03,13,100,abb,1,5/6/2022,sucrose00,sucrose,0
2022_05_06_abb04,62,2700,0,836827,spout03,13,100,abb,1,5/6/2022,sucrose00,sucrose,0
2022_05_06_abb04,62,2800,0,836827,spout03,13,100,abb,1,5/6/2022,sucrose00,sucrose,0
2022_05_06_abb04,62,2900,0,836827,spout03,13,100,abb,1,5/6/2022,sucrose00,sucrose,0
2022_05_06_abb04,63,0,0,849616,spout05,13,100,abb,1,5/6/2022,sucrose10,sucrose,10
2022_05_06_abb04,63,100,0,849616,spout05,13,100,abb,1,5/6/2022,sucrose10,sucrose,10
2022_05_06_abb04,63,200,1,849616,spout05,13,100,abb,1,5/6/2022,sucrose10,sucrose,10
2022_05_06_abb04,63,300,1,849616,spout05,13,100,abb,1,5/6/2022,sucrose10,sucrose,10
2022_05_06_abb04,63,400,0,849616,spout05,13,100,abb,1,5/6/2022,sucrose10,sucrose,10
2022_05_06_abb04,63,500,0,849616,spout05,13,100,abb,1,5/6/2022,sucrose10,sucrose,10
2022_05_06_abb04,63,600,1,849616,spout05,13,100,abb,1,5/6/2022,sucrose10,sucrose,10
2022_05_06_abb04,63,700,1,849616,spout05,13,100,abb,1,5/6/2022,sucrose10,sucrose,10
2022_05_06_abb04,63,800,0,849616,spout05,13,100,abb,1,5/6/2022,sucrose10,sucrose,10
2022_05_06_abb04,63,900,1,849616,spout05,13,100,abb,1,5/6/2022,sucrose10,sucrose,10
2022_05_06_abb04,63,1000,0,849616,spout05,13,100,abb,1,5/6/2022,sucrose10,sucrose,10
2022_05_06_abb04,63,1100,1,849616,spout05,13,100,abb,1,5/6/2022,sucrose10,sucrose,10
2022_05_06_abb04,63,1200,0,849616,spout05,13,100,abb,1,5/6/2022,sucrose10,sucrose,10
2022_05_06_abb04,63,1300,1,849616,spout05,13,100,abb,1,5/6/2022,sucrose10,sucrose,10
2022_05_06_abb04,63,1400,1,849616,spout05,13,100,abb,1,5/6/2022,sucrose10,sucrose,10
2022_05_06_abb04,63,1500,1,849616,spout05,13,100,abb,1,5/6/2022,sucrose10,sucrose,10
2022_05_06_abb04,63,1600,1,849616,spout05,13,100,abb,1,5/6/2022,sucrose10,sucrose,10
2022_05_06_abb04,63,1700,0,849616,spout05,13,100,abb,1,5/6/2022,sucrose10,sucrose,10
2022_05_06_abb04,63,1800,1,849616,spout05,13,100,abb,1,5/6/2022,sucrose10,sucrose,10
2022_05_06_abb04,63,1900,0,849616,spout05,13,100,abb,1,5/6/2022,sucrose10,sucrose,10
2022_05_06_abb04,63,2000,1,849616,spout05,13,100,abb,1,5/6/2022,sucrose10,sucrose,10
2022_05_06_abb04,63,2100,1,849616,spout05,13,100,abb,1,5/6/2022,sucrose10,sucrose,10
2022_05_06_abb04,63,2200,1,849616,spout05,13,100,abb,1,5/6/2022,sucrose10,sucrose,10
2022_05_06_abb04,63,2300,1,849616,spout05,13,100,abb,1,5/6/2022,sucrose10,sucrose,10
2022_05_06_abb04,63,2400,0,849616,spout05,13,100,abb,1,5/6/2022,sucrose10,sucrose,10
2022_05_06_abb04,63,2500,1,849616,spout05,13,100,abb,1,5/6/2022,sucrose10,sucrose,10
2022_05_06_abb04,63,2600,0,849616,spout05,13,100,abb,1,5/6/2022,sucrose10,sucrose,10
2022_05_06_abb04,63,2700,1,849616,spout05,13,100,abb,1,5/6/2022,sucrose10,sucrose,10
2022_05_06_abb04,63,2800,1,849616,spout05,13,100,abb,1,5/6/2022,sucrose10,sucrose,10
2022_05_06_abb04,63,2900,1,849616,spout05,13,100,abb,1,5/6/2022,sucrose10,sucrose,10
2022_05_06_abb04,64,0,0,862147,spout03,14,100,abb,1,5/6/2022,sucrose00,sucrose,0
2022_05_06_abb04,64,100,0,862147,spout03,14,100,abb,1,5/6/2022,sucrose00,sucrose,0
2022_05_06_abb04,64,200,1,862147,spout03,14,100,abb,1,5/6/2022,sucrose00,sucrose,0
2022_05_06_abb04,64,300,1,862147,spout03,14,100,abb,1,5/6/2022,sucrose00,sucrose,0
2022_05_06_abb04,64,400,0,862147,spout03,14,100,abb,1,5/6/2022,sucrose00,sucrose,0
2022_05_06_abb04,64,500,0,862147,spout03,14,100,abb,1,5/6/2022,sucrose00,sucrose,0
2022_05_06_abb04,64,600,1,862147,spout03,14,100,abb,1,5/6/2022,sucrose00,sucrose,0
2022_05_06_abb04,64,700,1,862147,spout03,14,100,abb,1,5/6/2022,sucrose00,sucrose,0
2022_05_06_abb04,64,800,0,862147,spout03,14,100,abb,1,5/6/2022,sucrose00,sucrose,0
2022_05_06_abb04,64,900,0,862147,spout03,14,100,abb,1,5/6/2022,sucrose00,sucrose,0
2022_05_06_abb04,64,1000,1,862147,spout03,14,100,abb,1,5/6/2022,sucrose00,sucrose,0
2022_05_06_abb04,64,1100,1,862147,spout03,14,100,abb,1,5/6/2022,sucrose00,sucrose,0
2022_05_06_abb04,64,1200,0,862147,spout03,14,100,abb,1,5/6/2022,sucrose00,sucrose,0
2022_05_06_abb04,64,1300,1,862147,spout03,14,100,abb,1,5/6/2022,sucrose00,sucrose,0
2022_05_06_abb04,64,1400,1,862147,spout03,14,100,abb,1,5/6/2022,sucrose00,sucrose,0
2022_05_06_abb04,64,1500,0,862147,spout03,14,100,abb,1,5/6/2022,sucrose00,sucrose,0
2022_05_06_abb04,64,1600,0,862147,spout03,14,100,abb,1,5/6/2022,sucrose00,sucrose,0
2022_05_06_abb04,64,1700,0,862147,spout03,14,100,abb,1,5/6/2022,sucrose00,sucrose,0
2022_05_06_abb04,64,1800,0,862147,spout03,14,100,abb,1,5/6/2022,sucrose00,sucrose,0
2022_05_06_abb04,64,1900,0,862147,spout03,14,100,abb,1,5/6/2022,sucrose00,sucrose,0
2022_05_06_abb04,64,2000,0,862147,spout03,14,100,abb,1,5/6/2022,sucrose00,sucrose,0
2022_05_06_abb04,64,2100,1,862147,spout03,14,100,abb,1,5/6/2022,sucrose00,sucrose,0
2022_05_06_abb04,64,2200,1,862147,spout03,14,100,abb,1,5/6/2022,sucrose00,sucrose,0
2022_05_06_abb04,64,2300,1,862147,spout03,14,100,abb,1,5/6/2022,sucrose00,sucrose,0
2022_05_06_abb04,64,2400,0,862147,spout03,14,100,abb,1,5/6/2022,sucrose00,sucrose,0
2022_05_06_abb04,64,2500,1,862147,spout03,14,100,abb,1,5/6/2022,sucrose00,sucrose,0
2022_05_06_abb04,64,2600,0,862147,spout03,14,100,abb,1,5/6/2022,sucrose00,sucrose,0
2022_05_06_abb04,64,2700,0,862147,spout03,14,100,abb,1,5/6/2022,sucrose00,sucrose,0
2022_05_06_abb04,64,2800,1,862147,spout03,14,100,abb,1,5/6/2022,sucrose00,sucrose,0
2022_05_06_abb04,64,2900,1,862147,spout03,14,100,abb,1,5/6/2022,sucrose00,sucrose,0
2022_05_06_abb04,65,0,0,876173,spout01,14,100,abb,1,5/6/2022,sucrose05,sucrose,5
2022_05_06_abb04,65,100,0,876173,spout01,14,100,abb,1,5/6/2022,sucrose05,sucrose,5
2022_05_06_abb04,65,200,1,876173,spout01,14,100,abb,1,5/6/2022,sucrose05,sucrose,5
2022_05_06_abb04,65,300,1,876173,spout01,14,100,abb,1,5/6/2022,sucrose05,sucrose,5
2022_05_06_abb04,65,400,0,876173,spout01,14,100,abb,1,5/6/2022,sucrose05,sucrose,5
2022_05_06_abb04,65,500,0,876173,spout01,14,100,abb,1,5/6/2022,sucrose05,sucrose,5
2022_05_06_abb04,65,600,0,876173,spout01,14,100,abb,1,5/6/2022,sucrose05,sucrose,5
2022_05_06_abb04,65,700,0,876173,spout01,14,100,abb,1,5/6/2022,sucrose05,sucrose,5
2022_05_06_abb04,65,800,0,876173,spout01,14,100,abb,1,5/6/2022,sucrose05,sucrose,5
2022_05_06_abb04,65,900,0,876173,spout01,14,100,abb,1,5/6/2022,sucrose05,sucrose,5
2022_05_06_abb04,65,1000,0,876173,spout01,14,100,abb,1,5/6/2022,sucrose05,sucrose,5
2022_05_06_abb04,65,1100,0,876173,spout01,14,100,abb,1,5/6/2022,sucrose05,sucrose,5
2022_05_06_abb04,65,1200,0,876173,spout01,14,100,abb,1,5/6/2022,sucrose05,sucrose,5
2022_05_06_abb04,65,1300,0,876173,spout01,14,100,abb,1,5/6/2022,sucrose05,sucrose,5
2022_05_06_abb04,65,1400,0,876173,spout01,14,100,abb,1,5/6/2022,sucrose05,sucrose,5
2022_05_06_abb04,65,1500,0,876173,spout01,14,100,abb,1,5/6/2022,sucrose05,sucrose,5
2022_05_06_abb04,65,1600,0,876173,spout01,14,100,abb,1,5/6/2022,sucrose05,sucrose,5
2022_05_06_abb04,65,1700,0,876173,spout01,14,100,abb,1,5/6/2022,sucrose05,sucrose,5
2022_05_06_abb04,65,1800,0,876173,spout01,14,100,abb,1,5/6/2022,sucrose05,sucrose,5
2022_05_06_abb04,65,1900,0,876173,spout01,14,100,abb,1,5/6/2022,sucrose05,sucrose,5
2022_05_06_abb04,65,2000,0,876173,spout01,14,100,abb,1,5/6/2022,sucrose05,sucrose,5
2022_05_06_abb04,65,2100,0,876173,spout01,14,100,abb,1,5/6/2022,sucrose05,sucrose,5
2022_05_06_abb04,65,2200,0,876173,spout01,14,100,abb,1,5/6/2022,sucrose05,sucrose,5
2022_05_06_abb04,65,2300,0,876173,spout01,14,100,abb,1,5/6/2022,sucrose05,sucrose,5
2022_05_06_abb04,65,2400,0,876173,spout01,14,100,abb,1,5/6/2022,sucrose05,sucrose,5
2022_05_06_abb04,65,2500,0,876173,spout01,14,100,abb,1,5/6/2022,sucrose05,sucrose,5
2022_05_06_abb04,65,2600,0,876173,spout01,14,100,abb,1,5/6/2022,sucrose05,sucrose,5
2022_05_06_abb04,65,2700,0,876173,spout01,14,100,abb,1,5/6/2022,sucrose05,sucrose,5
2022_05_06_abb04,65,2800,0,876173,spout01,14,100,abb,1,5/6/2022,sucrose05,sucrose,5
2022_05_06_abb04,65,2900,0,876173,spout01,14,100,abb,1,5/6/2022,sucrose05,sucrose,5
2022_05_06_abb04,66,0,0,890976,spout02,13,100,abb,1,5/6/2022,sucrose20,sucrose,20
2022_05_06_abb04,66,100,0,890976,spout02,13,100,abb,1,5/6/2022,sucrose20,sucrose,20
2022_05_06_abb04,66,200,0,890976,spout02,13,100,abb,1,5/6/2022,sucrose20,sucrose,20
2022_05_06_abb04,66,300,0,890976,spout02,13,100,abb,1,5/6/2022,sucrose20,sucrose,20
2022_05_06_abb04,66,400,0,890976,spout02,13,100,abb,1,5/6/2022,sucrose20,sucrose,20
2022_05_06_abb04,66,500,0,890976,spout02,13,100,abb,1,5/6/2022,sucrose20,sucrose,20
2022_05_06_abb04,66,600,0,890976,spout02,13,100,abb,1,5/6/2022,sucrose20,sucrose,20
2022_05_06_abb04,66,700,0,890976,spout02,13,100,abb,1,5/6/2022,sucrose20,sucrose,20
2022_05_06_abb04,66,800,0,890976,spout02,13,100,abb,1,5/6/2022,sucrose20,sucrose,20
2022_05_06_abb04,66,900,0,890976,spout02,13,100,abb,1,5/6/2022,sucrose20,sucrose,20
2022_05_06_abb04,66,1000,0,890976,spout02,13,100,abb,1,5/6/2022,sucrose20,sucrose,20
2022_05_06_abb04,66,1100,0,890976,spout02,13,100,abb,1,5/6/2022,sucrose20,sucrose,20
2022_05_06_abb04,66,1200,0,890976,spout02,13,100,abb,1,5/6/2022,sucrose20,sucrose,20
2022_05_06_abb04,66,1300,0,890976,spout02,13,100,abb,1,5/6/2022,sucrose20,sucrose,20
2022_05_06_abb04,66,1400,0,890976,spout02,13,100,abb,1,5/6/2022,sucrose20,sucrose,20
2022_05_06_abb04,66,1500,0,890976,spout02,13,100,abb,1,5/6/2022,sucrose20,sucrose,20
2022_05_06_abb04,66,1600,0,890976,spout02,13,100,abb,1,5/6/2022,sucrose20,sucrose,20
2022_05_06_abb04,66,1700,0,890976,spout02,13,100,abb,1,5/6/2022,sucrose20,sucrose,20
2022_05_06_abb04,66,1800,0,890976,spout02,13,100,abb,1,5/6/2022,sucrose20,sucrose,20
2022_05_06_abb04,66,1900,0,890976,spout02,13,100,abb,1,5/6/2022,sucrose20,sucrose,20
2022_05_06_abb04,66,2000,0,890976,spout02,13,100,abb,1,5/6/2022,sucrose20,sucrose,20
2022_05_06_abb04,66,2100,0,890976,spout02,13,100,abb,1,5/6/2022,sucrose20,sucrose,20
2022_05_06_abb04,66,2200,0,890976,spout02,13,100,abb,1,5/6/2022,sucrose20,sucrose,20
2022_05_06_abb04,66,2300,0,890976,spout02,13,100,abb,1,5/6/2022,sucrose20,sucrose,20
2022_05_06_abb04,66,2400,0,890976,spout02,13,100,abb,1,5/6/2022,sucrose20,sucrose,20
2022_05_06_abb04,66,2500,0,890976,spout02,13,100,abb,1,5/6/2022,sucrose20,sucrose,20
2022_05_06_abb04,66,2600,0,890976,spout02,13,100,abb,1,5/6/2022,sucrose20,sucrose,20
2022_05_06_abb04,66,2700,0,890976,spout02,13,100,abb,1,5/6/2022,sucrose20,sucrose,20
2022_05_06_abb04,66,2800,0,890976,spout02,13,100,abb,1,5/6/2022,sucrose20,sucrose,20
2022_05_06_abb04,66,2900,0,890976,spout02,13,100,abb,1,5/6/2022,sucrose20,sucrose,20
2022_05_06_abb04,67,0,0,904896,spout04,13,100,abb,1,5/6/2022,sucrose30,sucrose,30
2022_05_06_abb04,67,100,0,904896,spout04,13,100,abb,1,5/6/2022,sucrose30,sucrose,30
2022_05_06_abb04,67,200,0,904896,spout04,13,100,abb,1,5/6/2022,sucrose30,sucrose,30
2022_05_06_abb04,67,300,0,904896,spout04,13,100,abb,1,5/6/2022,sucrose30,sucrose,30
2022_05_06_abb04,67,400,0,904896,spout04,13,100,abb,1,5/6/2022,sucrose30,sucrose,30
2022_05_06_abb04,67,500,0,904896,spout04,13,100,abb,1,5/6/2022,sucrose30,sucrose,30
2022_05_06_abb04,67,600,0,904896,spout04,13,100,abb,1,5/6/2022,sucrose30,sucrose,30
2022_05_06_abb04,67,700,0,904896,spout04,13,100,abb,1,5/6/2022,sucrose30,sucrose,30
2022_05_06_abb04,67,800,0,904896,spout04,13,100,abb,1,5/6/2022,sucrose30,sucrose,30
2022_05_06_abb04,67,900,0,904896,spout04,13,100,abb,1,5/6/2022,sucrose30,sucrose,30
2022_05_06_abb04,67,1000,0,904896,spout04,13,100,abb,1,5/6/2022,sucrose30,sucrose,30
2022_05_06_abb04,67,1100,0,904896,spout04,13,100,abb,1,5/6/2022,sucrose30,sucrose,30
2022_05_06_abb04,67,1200,0,904896,spout04,13,100,abb,1,5/6/2022,sucrose30,sucrose,30
2022_05_06_abb04,67,1300,0,904896,spout04,13,100,abb,1,5/6/2022,sucrose30,sucrose,30
2022_05_06_abb04,67,1400,0,904896,spout04,13,100,abb,1,5/6/2022,sucrose30,sucrose,30
2022_05_06_abb04,67,1500,0,904896,spout04,13,100,abb,1,5/6/2022,sucrose30,sucrose,30
2022_05_06_abb04,67,1600,0,904896,spout04,13,100,abb,1,5/6/2022,sucrose30,sucrose,30
2022_05_06_abb04,67,1700,0,904896,spout04,13,100,abb,1,5/6/2022,sucrose30,sucrose,30
2022_05_06_abb04,67,1800,0,904896,spout04,13,100,abb,1,5/6/2022,sucrose30,sucrose,30
2022_05_06_abb04,67,1900,0,904896,spout04,13,100,abb,1,5/6/2022,sucrose30,sucrose,30
2022_05_06_abb04,67,2000,0,904896,spout04,13,100,abb,1,5/6/2022,sucrose30,sucrose,30
2022_05_06_abb04,67,2100,0,904896,spout04,13,100,abb,1,5/6/2022,sucrose30,sucrose,30
2022_05_06_abb04,67,2200,0,904896,spout04,13,100,abb,1,5/6/2022,sucrose30,sucrose,30
2022_05_06_abb04,67,2300,0,904896,spout04,13,100,abb,1,5/6/2022,sucrose30,sucrose,30
2022_05_06_abb04,67,2400,0,904896,spout04,13,100,abb,1,5/6/2022,sucrose30,sucrose,30
2022_05_06_abb04,67,2500,0,904896,spout04,13,100,abb,1,5/6/2022,sucrose30,sucrose,30
2022_05_06_abb04,67,2600,0,904896,spout04,13,100,abb,1,5/6/2022,sucrose30,sucrose,30
2022_05_06_abb04,67,2700,0,904896,spout04,13,100,abb,1,5/6/2022,sucrose30,sucrose,30
2022_05_06_abb04,67,2800,0,904896,spout04,13,100,abb,1,5/6/2022,sucrose30,sucrose,30
2022_05_06_abb04,67,2900,0,904896,spout04,13,100,abb,1,5/6/2022,sucrose30,sucrose,30
2022_05_06_abb04,68,0,0,918551,spout05,14,100,abb,1,5/6/2022,sucrose10,sucrose,10
2022_05_06_abb04,68,100,0,918551,spout05,14,100,abb,1,5/6/2022,sucrose10,sucrose,10
2022_05_06_abb04,68,200,0,918551,spout05,14,100,abb,1,5/6/2022,sucrose10,sucrose,10
2022_05_06_abb04,68,300,0,918551,spout05,14,100,abb,1,5/6/2022,sucrose10,sucrose,10
2022_05_06_abb04,68,400,0,918551,spout05,14,100,abb,1,5/6/2022,sucrose10,sucrose,10
2022_05_06_abb04,68,500,0,918551,spout05,14,100,abb,1,5/6/2022,sucrose10,sucrose,10
2022_05_06_abb04,68,600,0,918551,spout05,14,100,abb,1,5/6/2022,sucrose10,sucrose,10
2022_05_06_abb04,68,700,0,918551,spout05,14,100,abb,1,5/6/2022,sucrose10,sucrose,10
2022_05_06_abb04,68,800,0,918551,spout05,14,100,abb,1,5/6/2022,sucrose10,sucrose,10
2022_05_06_abb04,68,900,0,918551,spout05,14,100,abb,1,5/6/2022,sucrose10,sucrose,10
2022_05_06_abb04,68,1000,0,918551,spout05,14,100,abb,1,5/6/2022,sucrose10,sucrose,10
2022_05_06_abb04,68,1100,0,918551,spout05,14,100,abb,1,5/6/2022,sucrose10,sucrose,10
2022_05_06_abb04,68,1200,0,918551,spout05,14,100,abb,1,5/6/2022,sucrose10,sucrose,10
2022_05_06_abb04,68,1300,0,918551,spout05,14,100,abb,1,5/6/2022,sucrose10,sucrose,10
2022_05_06_abb04,68,1400,0,918551,spout05,14,100,abb,1,5/6/2022,sucrose10,sucrose,10
2022_05_06_abb04,68,1500,0,918551,spout05,14,100,abb,1,5/6/2022,sucrose10,sucrose,10
2022_05_06_abb04,68,1600,0,918551,spout05,14,100,abb,1,5/6/2022,sucrose10,sucrose,10
2022_05_06_abb04,68,1700,0,918551,spout05,14,100,abb,1,5/6/2022,sucrose10,sucrose,10
2022_05_06_abb04,68,1800,0,918551,spout05,14,100,abb,1,5/6/2022,sucrose10,sucrose,10
2022_05_06_abb04,68,1900,0,918551,spout05,14,100,abb,1,5/6/2022,sucrose10,sucrose,10
2022_05_06_abb04,68,2000,0,918551,spout05,14,100,abb,1,5/6/2022,sucrose10,sucrose,10
2022_05_06_abb04,68,2100,0,918551,spout05,14,100,abb,1,5/6/2022,sucrose10,sucrose,10
2022_05_06_abb04,68,2200,0,918551,spout05,14,100,abb,1,5/6/2022,sucrose10,sucrose,10
2022_05_06_abb04,68,2300,0,918551,spout05,14,100,abb,1,5/6/2022,sucrose10,sucrose,10
2022_05_06_abb04,68,2400,0,918551,spout05,14,100,abb,1,5/6/2022,sucrose10,sucrose,10
2022_05_06_abb04,68,2500,0,918551,spout05,14,100,abb,1,5/6/2022,sucrose10,sucrose,10
2022_05_06_abb04,68,2600,0,918551,spout05,14,100,abb,1,5/6/2022,sucrose10,sucrose,10
2022_05_06_abb04,68,2700,0,918551,spout05,14,100,abb,1,5/6/2022,sucrose10,sucrose,10
2022_05_06_abb04,68,2800,0,918551,spout05,14,100,abb,1,5/6/2022,sucrose10,sucrose,10
2022_05_06_abb04,68,2900,0,918551,spout05,14,100,abb,1,5/6/2022,sucrose10,sucrose,10
2022_05_06_abb04,69,0,0,930748,spout04,14,100,abb,1,5/6/2022,sucrose30,sucrose,30
2022_05_06_abb04,69,100,0,930748,spout04,14,100,abb,1,5/6/2022,sucrose30,sucrose,30
2022_05_06_abb04,69,200,0,930748,spout04,14,100,abb,1,5/6/2022,sucrose30,sucrose,30
2022_05_06_abb04,69,300,0,930748,spout04,14,100,abb,1,5/6/2022,sucrose30,sucrose,30
2022_05_06_abb04,69,400,0,930748,spout04,14,100,abb,1,5/6/2022,sucrose30,sucrose,30
2022_05_06_abb04,69,500,0,930748,spout04,14,100,abb,1,5/6/2022,sucrose30,sucrose,30
2022_05_06_abb04,69,600,0,930748,spout04,14,100,abb,1,5/6/2022,sucrose30,sucrose,30
2022_05_06_abb04,69,700,0,930748,spout04,14,100,abb,1,5/6/2022,sucrose30,sucrose,30
2022_05_06_abb04,69,800,0,930748,spout04,14,100,abb,1,5/6/2022,sucrose30,sucrose,30
2022_05_06_abb04,69,900,0,930748,spout04,14,100,abb,1,5/6/2022,sucrose30,sucrose,30
2022_05_06_abb04,69,1000,0,930748,spout04,14,100,abb,1,5/6/2022,sucrose30,sucrose,30
2022_05_06_abb04,69,1100,0,930748,spout04,14,100,abb,1,5/6/2022,sucrose30,sucrose,30
2022_05_06_abb04,69,1200,0,930748,spout04,14,100,abb,1,5/6/2022,sucrose30,sucrose,30
2022_05_06_abb04,69,1300,0,930748,spout04,14,100,abb,1,5/6/2022,sucrose30,sucrose,30
2022_05_06_abb04,69,1400,0,930748,spout04,14,100,abb,1,5/6/2022,sucrose30,sucrose,30
2022_05_06_abb04,69,1500,0,930748,spout04,14,100,abb,1,5/6/2022,sucrose30,sucrose,30
2022_05_06_abb04,69,1600,0,930748,spout04,14,100,abb,1,5/6/2022,sucrose30,sucrose,30
2022_05_06_abb04,69,1700,0,930748,spout04,14,100,abb,1,5/6/2022,sucrose30,sucrose,30
2022_05_06_abb04,69,1800,0,930748,spout04,14,100,abb,1,5/6/2022,sucrose30,sucrose,30
2022_05_06_abb04,69,1900,0,930748,spout04,14,100,abb,1,5/6/2022,sucrose30,sucrose,30
2022_05_06_abb04,69,2000,0,930748,spout04,14,100,abb,1,5/6/2022,sucrose30,sucrose,30
2022_05_06_abb04,69,2100,0,930748,spout04,14,100,abb,1,5/6/2022,sucrose30,sucrose,30
2022_05_06_abb04,69,2200,0,930748,spout04,14,100,abb,1,5/6/2022,sucrose30,sucrose,30
2022_05_06_abb04,69,2300,0,930748,spout04,14,100,abb,1,5/6/2022,sucrose30,sucrose,30
2022_05_06_abb04,69,2400,0,930748,spout04,14,100,abb,1,5/6/2022,sucrose30,sucrose,30
2022_05_06_abb04,69,2500,0,930748,spout04,14,100,abb,1,5/6/2022,sucrose30,sucrose,30
2022_05_06_abb04,69,2600,0,930748,spout04,14,100,abb,1,5/6/2022,sucrose30,sucrose,30
2022_05_06_abb04,69,2700,0,930748,spout04,14,100,abb,1,5/6/2022,sucrose30,sucrose,30
2022_05_06_abb04,69,2800,0,930748,spout04,14,100,abb,1,5/6/2022,sucrose30,sucrose,30
2022_05_06_abb04,69,2900,0,930748,spout04,14,100,abb,1,5/6/2022,sucrose30,sucrose,30
2022_05_06_abb04,70,0,0,945832,spout02,14,100,abb,1,5/6/2022,sucrose20,sucrose,20
2022_05_06_abb04,70,100,0,945832,spout02,14,100,abb,1,5/6/2022,sucrose20,sucrose,20
2022_05_06_abb04,70,200,0,945832,spout02,14,100,abb,1,5/6/2022,sucrose20,sucrose,20
2022_05_06_abb04,70,300,0,945832,spout02,14,100,abb,1,5/6/2022,sucrose20,sucrose,20
2022_05_06_abb04,70,400,0,945832,spout02,14,100,abb,1,5/6/2022,sucrose20,sucrose,20
2022_05_06_abb04,70,500,0,945832,spout02,14,100,abb,1,5/6/2022,sucrose20,sucrose,20
2022_05_06_abb04,70,600,0,945832,spout02,14,100,abb,1,5/6/2022,sucrose20,sucrose,20
2022_05_06_abb04,70,700,0,945832,spout02,14,100,abb,1,5/6/2022,sucrose20,sucrose,20
2022_05_06_abb04,70,800,0,945832,spout02,14,100,abb,1,5/6/2022,sucrose20,sucrose,20
2022_05_06_abb04,70,900,0,945832,spout02,14,100,abb,1,5/6/2022,sucrose20,sucrose,20
2022_05_06_abb04,70,1000,0,945832,spout02,14,100,abb,1,5/6/2022,sucrose20,sucrose,20
2022_05_06_abb04,70,1100,0,945832,spout02,14,100,abb,1,5/6/2022,sucrose20,sucrose,20
2022_05_06_abb04,70,1200,0,945832,spout02,14,100,abb,1,5/6/2022,sucrose20,sucrose,20
2022_05_06_abb04,70,1300,0,945832,spout02,14,100,abb,1,5/6/2022,sucrose20,sucrose,20
2022_05_06_abb04,70,1400,0,945832,spout02,14,100,abb,1,5/6/2022,sucrose20,sucrose,20
2022_05_06_abb04,70,1500,0,945832,spout02,14,100,abb,1,5/6/2022,sucrose20,sucrose,20
2022_05_06_abb04,70,1600,0,945832,spout02,14,100,abb,1,5/6/2022,sucrose20,sucrose,20
2022_05_06_abb04,70,1700,0,945832,spout02,14,100,abb,1,5/6/2022,sucrose20,sucrose,20
2022_05_06_abb04,70,1800,0,945832,spout02,14,100,abb,1,5/6/2022,sucrose20,sucrose,20
2022_05_06_abb04,70,1900,0,945832,spout02,14,100,abb,1,5/6/2022,sucrose20,sucrose,20
2022_05_06_abb04,70,2000,0,945832,spout02,14,100,abb,1,5/6/2022,sucrose20,sucrose,20
2022_05_06_abb04,70,2100,0,945832,spout02,14,100,abb,1,5/6/2022,sucrose20,sucrose,20
2022_05_06_abb04,70,2200,0,945832,spout02,14,100,abb,1,5/6/2022,sucrose20,sucrose,20
2022_05_06_abb04,70,2300,0,945832,spout02,14,100,abb,1,5/6/2022,sucrose20,sucrose,20
2022_05_06_abb04,70,2400,0,945832,spout02,14,100,abb,1,5/6/2022,sucrose20,sucrose,20
2022_05_06_abb04,70,2500,0,945832,spout02,14,100,abb,1,5/6/2022,sucrose20,sucrose,20
2022_05_06_abb04,70,2600,0,945832,spout02,14,100,abb,1,5/6/2022,sucrose20,sucrose,20
2022_05_06_abb04,70,2700,0,945832,spout02,14,100,abb,1,5/6/2022,sucrose20,sucrose,20
2022_05_06_abb04,70,2800,0,945832,spout02,14,100,abb,1,5/6/2022,sucrose20,sucrose,20
2022_05_06_abb04,70,2900,0,945832,spout02,14,100,abb,1,5/6/2022,sucrose20,sucrose,20
2022_05_06_abb04,71,0,0,961714,spout01,15,100,abb,1,5/6/2022,sucrose05,sucrose,5
2022_05_06_abb04,71,100,0,961714,spout01,15,100,abb,1,5/6/2022,sucrose05,sucrose,5
2022_05_06_abb04,71,200,0,961714,spout01,15,100,abb,1,5/6/2022,sucrose05,sucrose,5
2022_05_06_abb04,71,300,0,961714,spout01,15,100,abb,1,5/6/2022,sucrose05,sucrose,5
2022_05_06_abb04,71,400,0,961714,spout01,15,100,abb,1,5/6/2022,sucrose05,sucrose,5
2022_05_06_abb04,71,500,0,961714,spout01,15,100,abb,1,5/6/2022,sucrose05,sucrose,5
2022_05_06_abb04,71,600,0,961714,spout01,15,100,abb,1,5/6/2022,sucrose05,sucrose,5
2022_05_06_abb04,71,700,0,961714,spout01,15,100,abb,1,5/6/2022,sucrose05,sucrose,5
2022_05_06_abb04,71,800,0,961714,spout01,15,100,abb,1,5/6/2022,sucrose05,sucrose,5
2022_05_06_abb04,71,900,0,961714,spout01,15,100,abb,1,5/6/2022,sucrose05,sucrose,5
2022_05_06_abb04,71,1000,0,961714,spout01,15,100,abb,1,5/6/2022,sucrose05,sucrose,5
2022_05_06_abb04,71,1100,0,961714,spout01,15,100,abb,1,5/6/2022,sucrose05,sucrose,5
2022_05_06_abb04,71,1200,0,961714,spout01,15,100,abb,1,5/6/2022,sucrose05,sucrose,5
2022_05_06_abb04,71,1300,0,961714,spout01,15,100,abb,1,5/6/2022,sucrose05,sucrose,5
2022_05_06_abb04,71,1400,0,961714,spout01,15,100,abb,1,5/6/2022,sucrose05,sucrose,5
2022_05_06_abb04,71,1500,0,961714,spout01,15,100,abb,1,5/6/2022,sucrose05,sucrose,5
2022_05_06_abb04,71,1600,0,961714,spout01,15,100,abb,1,5/6/2022,sucrose05,sucrose,5
2022_05_06_abb04,71,1700,0,961714,spout01,15,100,abb,1,5/6/2022,sucrose05,sucrose,5
2022_05_06_abb04,71,1800,0,961714,spout01,15,100,abb,1,5/6/2022,sucrose05,sucrose,5
2022_05_06_abb04,71,1900,0,961714,spout01,15,100,abb,1,5/6/2022,sucrose05,sucrose,5
2022_05_06_abb04,71,2000,0,961714,spout01,15,100,abb,1,5/6/2022,sucrose05,sucrose,5
2022_05_06_abb04,71,2100,0,961714,spout01,15,100,abb,1,5/6/2022,sucrose05,sucrose,5
2022_05_06_abb04,71,2200,0,961714,spout01,15,100,abb,1,5/6/2022,sucrose05,sucrose,5
2022_05_06_abb04,71,2300,0,961714,spout01,15,100,abb,1,5/6/2022,sucrose05,sucrose,5
2022_05_06_abb04,71,2400,0,961714,spout01,15,100,abb,1,5/6/2022,sucrose05,sucrose,5
2022_05_06_abb04,71,2500,0,961714,spout01,15,100,abb,1,5/6/2022,sucrose05,sucrose,5
2022_05_06_abb04,71,2600,0,961714,spout01,15,100,abb,1,5/6/2022,sucrose05,sucrose,5
2022_05_06_abb04,71,2700,0,961714,spout01,15,100,abb,1,5/6/2022,sucrose05,sucrose,5
2022_05_06_abb04,71,2800,0,961714,spout01,15,100,abb,1,5/6/2022,sucrose05,sucrose,5
2022_05_06_abb04,71,2900,0,961714,spout01,15,100,abb,1,5/6/2022,sucrose05,sucrose,5
2022_05_06_abb04,72,0,0,974381,spout05,15,100,abb,1,5/6/2022,sucrose10,sucrose,10
2022_05_06_abb04,72,100,0,974381,spout05,15,100,abb,1,5/6/2022,sucrose10,sucrose,10
2022_05_06_abb04,72,200,0,974381,spout05,15,100,abb,1,5/6/2022,sucrose10,sucrose,10
2022_05_06_abb04,72,300,0,974381,spout05,15,100,abb,1,5/6/2022,sucrose10,sucrose,10
2022_05_06_abb04,72,400,0,974381,spout05,15,100,abb,1,5/6/2022,sucrose10,sucrose,10
2022_05_06_abb04,72,500,0,974381,spout05,15,100,abb,1,5/6/2022,sucrose10,sucrose,10
2022_05_06_abb04,72,600,0,974381,spout05,15,100,abb,1,5/6/2022,sucrose10,sucrose,10
2022_05_06_abb04,72,700,0,974381,spout05,15,100,abb,1,5/6/2022,sucrose10,sucrose,10
2022_05_06_abb04,72,800,0,974381,spout05,15,100,abb,1,5/6/2022,sucrose10,sucrose,10
2022_05_06_abb04,72,900,0,974381,spout05,15,100,abb,1,5/6/2022,sucrose10,sucrose,10
2022_05_06_abb04,72,1000,0,974381,spout05,15,100,abb,1,5/6/2022,sucrose10,sucrose,10
2022_05_06_abb04,72,1100,0,974381,spout05,15,100,abb,1,5/6/2022,sucrose10,sucrose,10
2022_05_06_abb04,72,1200,0,974381,spout05,15,100,abb,1,5/6/2022,sucrose10,sucrose,10
2022_05_06_abb04,72,1300,0,974381,spout05,15,100,abb,1,5/6/2022,sucrose10,sucrose,10
2022_05_06_abb04,72,1400,0,974381,spout05,15,100,abb,1,5/6/2022,sucrose10,sucrose,10
2022_05_06_abb04,72,1500,0,974381,spout05,15,100,abb,1,5/6/2022,sucrose10,sucrose,10
2022_05_06_abb04,72,1600,0,974381,spout05,15,100,abb,1,5/6/2022,sucrose10,sucrose,10
2022_05_06_abb04,72,1700,0,974381,spout05,15,100,abb,1,5/6/2022,sucrose10,sucrose,10
2022_05_06_abb04,72,1800,0,974381,spout05,15,100,abb,1,5/6/2022,sucrose10,sucrose,10
2022_05_06_abb04,72,1900,0,974381,spout05,15,100,abb,1,5/6/2022,sucrose10,sucrose,10
2022_05_06_abb04,72,2000,0,974381,spout05,15,100,abb,1,5/6/2022,sucrose10,sucrose,10
2022_05_06_abb04,72,2100,0,974381,spout05,15,100,abb,1,5/6/2022,sucrose10,sucrose,10
2022_05_06_abb04,72,2200,0,974381,spout05,15,100,abb,1,5/6/2022,sucrose10,sucrose,10
2022_05_06_abb04,72,2300,0,974381,spout05,15,100,abb,1,5/6/2022,sucrose10,sucrose,10
2022_05_06_abb04,72,2400,0,974381,spout05,15,100,abb,1,5/6/2022,sucrose10,sucrose,10
2022_05_06_abb04,72,2500,0,974381,spout05,15,100,abb,1,5/6/2022,sucrose10,sucrose,10
2022_05_06_abb04,72,2600,0,974381,spout05,15,100,abb,1,5/6/2022,sucrose10,sucrose,10
2022_05_06_abb04,72,2700,0,974381,spout05,15,100,abb,1,5/6/2022,sucrose10,sucrose,10
2022_05_06_abb04,72,2800,0,974381,spout05,15,100,abb,1,5/6/2022,sucrose10,sucrose,10
2022_05_06_abb04,72,2900,0,974381,spout05,15,100,abb,1,5/6/2022,sucrose10,sucrose,10
2022_05_06_abb04,73,0,0,987601,spout02,15,100,abb,1,5/6/2022,sucrose20,sucrose,20
2022_05_06_abb04,73,100,0,987601,spout02,15,100,abb,1,5/6/2022,sucrose20,sucrose,20
2022_05_06_abb04,73,200,1,987601,spout02,15,100,abb,1,5/6/2022,sucrose20,sucrose,20
2022_05_06_abb04,73,300,0,987601,spout02,15,100,abb,1,5/6/2022,sucrose20,sucrose,20
2022_05_06_abb04,73,400,0,987601,spout02,15,100,abb,1,5/6/2022,sucrose20,sucrose,20
2022_05_06_abb04,73,500,1,987601,spout02,15,100,abb,1,5/6/2022,sucrose20,sucrose,20
2022_05_06_abb04,73,600,1,987601,spout02,15,100,abb,1,5/6/2022,sucrose20,sucrose,20
2022_05_06_abb04,73,700,1,987601,spout02,15,100,abb,1,5/6/2022,sucrose20,sucrose,20
2022_05_06_abb04,73,800,1,987601,spout02,15,100,abb,1,5/6/2022,sucrose20,sucrose,20
2022_05_06_abb04,73,900,0,987601,spout02,15,100,abb,1,5/6/2022,sucrose20,sucrose,20
2022_05_06_abb04,73,1000,1,987601,spout02,15,100,abb,1,5/6/2022,sucrose20,sucrose,20
2022_05_06_abb04,73,1100,1,987601,spout02,15,100,abb,1,5/6/2022,sucrose20,sucrose,20
2022_05_06_abb04,73,1200,1,987601,spout02,15,100,abb,1,5/6/2022,sucrose20,sucrose,20
2022_05_06_abb04,73,1300,1,987601,spout02,15,100,abb,1,5/6/2022,sucrose20,sucrose,20
2022_05_06_abb04,73,1400,0,987601,spout02,15,100,abb,1,5/6/2022,sucrose20,sucrose,20
2022_05_06_abb04,73,1500,1,987601,spout02,15,100,abb,1,5/6/2022,sucrose20,sucrose,20
2022_05_06_abb04,73,1600,1,987601,spout02,15,100,abb,1,5/6/2022,sucrose20,sucrose,20
2022_05_06_abb04,73,1700,1,987601,spout02,15,100,abb,1,5/6/2022,sucrose20,sucrose,20
2022_05_06_abb04,73,1800,0,987601,spout02,15,100,abb,1,5/6/2022,sucrose20,sucrose,20
2022_05_06_abb04,73,1900,1,987601,spout02,15,100,abb,1,5/6/2022,sucrose20,sucrose,20
2022_05_06_abb04,73,2000,0,987601,spout02,15,100,abb,1,5/6/2022,sucrose20,sucrose,20
2022_05_06_abb04,73,2100,1,987601,spout02,15,100,abb,1,5/6/2022,sucrose20,sucrose,20
2022_05_06_abb04,73,2200,0,987601,spout02,15,100,abb,1,5/6/2022,sucrose20,sucrose,20
2022_05_06_abb04,73,2300,1,987601,spout02,15,100,abb,1,5/6/2022,sucrose20,sucrose,20
2022_05_06_abb04,73,2400,1,987601,spout02,15,100,abb,1,5/6/2022,sucrose20,sucrose,20
2022_05_06_abb04,73,2500,0,987601,spout02,15,100,abb,1,5/6/2022,sucrose20,sucrose,20
2022_05_06_abb04,73,2600,0,987601,spout02,15,100,abb,1,5/6/2022,sucrose20,sucrose,20
2022_05_06_abb04,73,2700,1,987601,spout02,15,100,abb,1,5/6/2022,sucrose20,sucrose,20
2022_05_06_abb04,73,2800,1,987601,spout02,15,100,abb,1,5/6/2022,sucrose20,sucrose,20
2022_05_06_abb04,73,2900,1,987601,spout02,15,100,abb,1,5/6/2022,sucrose20,sucrose,20
2022_05_06_abb04,74,0,0,1000763,spout04,15,100,abb,1,5/6/2022,sucrose30,sucrose,30
2022_05_06_abb04,74,100,1,1000763,spout04,15,100,abb,1,5/6/2022,sucrose30,sucrose,30
2022_05_06_abb04,74,200,0,1000763,spout04,15,100,abb,1,5/6/2022,sucrose30,sucrose,30
2022_05_06_abb04,74,300,1,1000763,spout04,15,100,abb,1,5/6/2022,sucrose30,sucrose,30
2022_05_06_abb04,74,400,1,1000763,spout04,15,100,abb,1,5/6/2022,sucrose30,sucrose,30
2022_05_06_abb04,74,500,1,1000763,spout04,15,100,abb,1,5/6/2022,sucrose30,sucrose,30
2022_05_06_abb04,74,600,0,1000763,spout04,15,100,abb,1,5/6/2022,sucrose30,sucrose,30
2022_05_06_abb04,74,700,1,1000763,spout04,15,100,abb,1,5/6/2022,sucrose30,sucrose,30
2022_05_06_abb04,74,800,1,1000763,spout04,15,100,abb,1,5/6/2022,sucrose30,sucrose,30
2022_05_06_abb04,74,900,0,1000763,spout04,15,100,abb,1,5/6/2022,sucrose30,sucrose,30
2022_05_06_abb04,74,1000,0,1000763,spout04,15,100,abb,1,5/6/2022,sucrose30,sucrose,30
2022_05_06_abb04,74,1100,1,1000763,spout04,15,100,abb,1,5/6/2022,sucrose30,sucrose,30
2022_05_06_abb04,74,1200,1,1000763,spout04,15,100,abb,1,5/6/2022,sucrose30,sucrose,30
2022_05_06_abb04,74,1300,0,1000763,spout04,15,100,abb,1,5/6/2022,sucrose30,sucrose,30
2022_05_06_abb04,74,1400,1,1000763,spout04,15,100,abb,1,5/6/2022,sucrose30,sucrose,30
2022_05_06_abb04,74,1500,1,1000763,spout04,15,100,abb,1,5/6/2022,sucrose30,sucrose,30
2022_05_06_abb04,74,1600,1,1000763,spout04,15,100,abb,1,5/6/2022,sucrose30,sucrose,30
2022_05_06_abb04,74,1700,0,1000763,spout04,15,100,abb,1,5/6/2022,sucrose30,sucrose,30
2022_05_06_abb04,74,1800,1,1000763,spout04,15,100,abb,1,5/6/2022,sucrose30,sucrose,30
2022_05_06_abb04,74,1900,1,1000763,spout04,15,100,abb,1,5/6/2022,sucrose30,sucrose,30
2022_05_06_abb04,74,2000,1,1000763,spout04,15,100,abb,1,5/6/2022,sucrose30,sucrose,30
2022_05_06_abb04,74,2100,1,1000763,spout04,15,100,abb,1,5/6/2022,sucrose30,sucrose,30
2022_05_06_abb04,74,2200,0,1000763,spout04,15,100,abb,1,5/6/2022,sucrose30,sucrose,30
2022_05_06_abb04,74,2300,0,1000763,spout04,15,100,abb,1,5/6/2022,sucrose30,sucrose,30
2022_05_06_abb04,74,2400,1,1000763,spout04,15,100,abb,1,5/6/2022,sucrose30,sucrose,30
2022_05_06_abb04,74,2500,0,1000763,spout04,15,100,abb,1,5/6/2022,sucrose30,sucrose,30
2022_05_06_abb04,74,2600,0,1000763,spout04,15,100,abb,1,5/6/2022,sucrose30,sucrose,30
2022_05_06_abb04,74,2700,0,1000763,spout04,15,100,abb,1,5/6/2022,sucrose30,sucrose,30
2022_05_06_abb04,74,2800,0,1000763,spout04,15,100,abb,1,5/6/2022,sucrose30,sucrose,30
2022_05_06_abb04,74,2900,0,1000763,spout04,15,100,abb,1,5/6/2022,sucrose30,sucrose,30
2022_05_06_abb04,75,0,0,1013093,spout05,16,100,abb,1,5/6/2022,sucrose10,sucrose,10
2022_05_06_abb04,75,100,0,1013093,spout05,16,100,abb,1,5/6/2022,sucrose10,sucrose,10
2022_05_06_abb04,75,200,1,1013093,spout05,16,100,abb,1,5/6/2022,sucrose10,sucrose,10
2022_05_06_abb04,75,300,1,1013093,spout05,16,100,abb,1,5/6/2022,sucrose10,sucrose,10
2022_05_06_abb04,75,400,0,1013093,spout05,16,100,abb,1,5/6/2022,sucrose10,sucrose,10
2022_05_06_abb04,75,500,0,1013093,spout05,16,100,abb,1,5/6/2022,sucrose10,sucrose,10
2022_05_06_abb04,75,600,0,1013093,spout05,16,100,abb,1,5/6/2022,sucrose10,sucrose,10
2022_05_06_abb04,75,700,0,1013093,spout05,16,100,abb,1,5/6/2022,sucrose10,sucrose,10
2022_05_06_abb04,75,800,0,1013093,spout05,16,100,abb,1,5/6/2022,sucrose10,sucrose,10
2022_05_06_abb04,75,900,0,1013093,spout05,16,100,abb,1,5/6/2022,sucrose10,sucrose,10
2022_05_06_abb04,75,1000,0,1013093,spout05,16,100,abb,1,5/6/2022,sucrose10,sucrose,10
2022_05_06_abb04,75,1100,0,1013093,spout05,16,100,abb,1,5/6/2022,sucrose10,sucrose,10
2022_05_06_abb04,75,1200,0,1013093,spout05,16,100,abb,1,5/6/2022,sucrose10,sucrose,10
2022_05_06_abb04,75,1300,0,1013093,spout05,16,100,abb,1,5/6/2022,sucrose10,sucrose,10
2022_05_06_abb04,75,1400,0,1013093,spout05,16,100,abb,1,5/6/2022,sucrose10,sucrose,10
2022_05_06_abb04,75,1500,0,1013093,spout05,16,100,abb,1,5/6/2022,sucrose10,sucrose,10
2022_05_06_abb04,75,1600,0,1013093,spout05,16,100,abb,1,5/6/2022,sucrose10,sucrose,10
2022_05_06_abb04,75,1700,0,1013093,spout05,16,100,abb,1,5/6/2022,sucrose10,sucrose,10
2022_05_06_abb04,75,1800,0,1013093,spout05,16,100,abb,1,5/6/2022,sucrose10,sucrose,10
2022_05_06_abb04,75,1900,0,1013093,spout05,16,100,abb,1,5/6/2022,sucrose10,sucrose,10
2022_05_06_abb04,75,2000,0,1013093,spout05,16,100,abb,1,5/6/2022,sucrose10,sucrose,10
2022_05_06_abb04,75,2100,0,1013093,spout05,16,100,abb,1,5/6/2022,sucrose10,sucrose,10
2022_05_06_abb04,75,2200,0,1013093,spout05,16,100,abb,1,5/6/2022,sucrose10,sucrose,10
2022_05_06_abb04,75,2300,0,1013093,spout05,16,100,abb,1,5/6/2022,sucrose10,sucrose,10
2022_05_06_abb04,75,2400,0,1013093,spout05,16,100,abb,1,5/6/2022,sucrose10,sucrose,10
2022_05_06_abb04,75,2500,0,1013093,spout05,16,100,abb,1,5/6/2022,sucrose10,sucrose,10
2022_05_06_abb04,75,2600,0,1013093,spout05,16,100,abb,1,5/6/2022,sucrose10,sucrose,10
2022_05_06_abb04,75,2700,0,1013093,spout05,16,100,abb,1,5/6/2022,sucrose10,sucrose,10
2022_05_06_abb04,75,2800,0,1013093,spout05,16,100,abb,1,5/6/2022,sucrose10,sucrose,10
2022_05_06_abb04,75,2900,0,1013093,spout05,16,100,abb,1,5/6/2022,sucrose10,sucrose,10
2022_05_06_abb04,76,0,0,1026304,spout04,16,100,abb,1,5/6/2022,sucrose30,sucrose,30
2022_05_06_abb04,76,100,0,1026304,spout04,16,100,abb,1,5/6/2022,sucrose30,sucrose,30
2022_05_06_abb04,76,200,1,1026304,spout04,16,100,abb,1,5/6/2022,sucrose30,sucrose,30
2022_05_06_abb04,76,300,0,1026304,spout04,16,100,abb,1,5/6/2022,sucrose30,sucrose,30
2022_05_06_abb04,76,400,0,1026304,spout04,16,100,abb,1,5/6/2022,sucrose30,sucrose,30
2022_05_06_abb04,76,500,1,1026304,spout04,16,100,abb,1,5/6/2022,sucrose30,sucrose,30
2022_05_06_abb04,76,600,0,1026304,spout04,16,100,abb,1,5/6/2022,sucrose30,sucrose,30
2022_05_06_abb04,76,700,1,1026304,spout04,16,100,abb,1,5/6/2022,sucrose30,sucrose,30
2022_05_06_abb04,76,800,0,1026304,spout04,16,100,abb,1,5/6/2022,sucrose30,sucrose,30
2022_05_06_abb04,76,900,1,1026304,spout04,16,100,abb,1,5/6/2022,sucrose30,sucrose,30
2022_05_06_abb04,76,1000,1,1026304,spout04,16,100,abb,1,5/6/2022,sucrose30,sucrose,30
2022_05_06_abb04,76,1100,1,1026304,spout04,16,100,abb,1,5/6/2022,sucrose30,sucrose,30
2022_05_06_abb04,76,1200,0,1026304,spout04,16,100,abb,1,5/6/2022,sucrose30,sucrose,30
2022_05_06_abb04,76,1300,0,1026304,spout04,16,100,abb,1,5/6/2022,sucrose30,sucrose,30
2022_05_06_abb04,76,1400,1,1026304,spout04,16,100,abb,1,5/6/2022,sucrose30,sucrose,30
2022_05_06_abb04,76,1500,0,1026304,spout04,16,100,abb,1,5/6/2022,sucrose30,sucrose,30
2022_05_06_abb04,76,1600,1,1026304,spout04,16,100,abb,1,5/6/2022,sucrose30,sucrose,30
2022_05_06_abb04,76,1700,1,1026304,spout04,16,100,abb,1,5/6/2022,sucrose30,sucrose,30
2022_05_06_abb04,76,1800,1,1026304,spout04,16,100,abb,1,5/6/2022,sucrose30,sucrose,30
2022_05_06_abb04,76,1900,1,1026304,spout04,16,100,abb,1,5/6/2022,sucrose30,sucrose,30
2022_05_06_abb04,76,2000,0,1026304,spout04,16,100,abb,1,5/6/2022,sucrose30,sucrose,30
2022_05_06_abb04,76,2100,0,1026304,spout04,16,100,abb,1,5/6/2022,sucrose30,sucrose,30
2022_05_06_abb04,76,2200,1,1026304,spout04,16,100,abb,1,5/6/2022,sucrose30,sucrose,30
2022_05_06_abb04,76,2300,1,1026304,spout04,16,100,abb,1,5/6/2022,sucrose30,sucrose,30
2022_05_06_abb04,76,2400,1,1026304,spout04,16,100,abb,1,5/6/2022,sucrose30,sucrose,30
2022_05_06_abb04,76,2500,0,1026304,spout04,16,100,abb,1,5/6/2022,sucrose30,sucrose,30
2022_05_06_abb04,76,2600,1,1026304,spout04,16,100,abb,1,5/6/2022,sucrose30,sucrose,30
2022_05_06_abb04,76,2700,0,1026304,spout04,16,100,abb,1,5/6/2022,sucrose30,sucrose,30
2022_05_06_abb04,76,2800,1,1026304,spout04,16,100,abb,1,5/6/2022,sucrose30,sucrose,30
2022_05_06_abb04,76,2900,1,1026304,spout04,16,100,abb,1,5/6/2022,sucrose30,sucrose,30
2022_05_06_abb04,77,0,0,1038502,spout01,16,100,abb,1,5/6/2022,sucrose05,sucrose,5
2022_05_06_abb04,77,100,0,1038502,spout01,16,100,abb,1,5/6/2022,sucrose05,sucrose,5
2022_05_06_abb04,77,200,1,1038502,spout01,16,100,abb,1,5/6/2022,sucrose05,sucrose,5
2022_05_06_abb04,77,300,1,1038502,spout01,16,100,abb,1,5/6/2022,sucrose05,sucrose,5
2022_05_06_abb04,77,400,0,1038502,spout01,16,100,abb,1,5/6/2022,sucrose05,sucrose,5
2022_05_06_abb04,77,500,1,1038502,spout01,16,100,abb,1,5/6/2022,sucrose05,sucrose,5
2022_05_06_abb04,77,600,0,1038502,spout01,16,100,abb,1,5/6/2022,sucrose05,sucrose,5
2022_05_06_abb04,77,700,1,1038502,spout01,16,100,abb,1,5/6/2022,sucrose05,sucrose,5
2022_05_06_abb04,77,800,0,1038502,spout01,16,100,abb,1,5/6/2022,sucrose05,sucrose,5
2022_05_06_abb04,77,900,0,1038502,spout01,16,100,abb,1,5/6/2022,sucrose05,sucrose,5
2022_05_06_abb04,77,1000,0,1038502,spout01,16,100,abb,1,5/6/2022,sucrose05,sucrose,5
2022_05_06_abb04,77,1100,0,1038502,spout01,16,100,abb,1,5/6/2022,sucrose05,sucrose,5
2022_05_06_abb04,77,1200,0,1038502,spout01,16,100,abb,1,5/6/2022,sucrose05,sucrose,5
2022_05_06_abb04,77,1300,0,1038502,spout01,16,100,abb,1,5/6/2022,sucrose05,sucrose,5
2022_05_06_abb04,77,1400,0,1038502,spout01,16,100,abb,1,5/6/2022,sucrose05,sucrose,5
2022_05_06_abb04,77,1500,0,1038502,spout01,16,100,abb,1,5/6/2022,sucrose05,sucrose,5
2022_05_06_abb04,77,1600,0,1038502,spout01,16,100,abb,1,5/6/2022,sucrose05,sucrose,5
2022_05_06_abb04,77,1700,0,1038502,spout01,16,100,abb,1,5/6/2022,sucrose05,sucrose,5
2022_05_06_abb04,77,1800,0,1038502,spout01,16,100,abb,1,5/6/2022,sucrose05,sucrose,5
2022_05_06_abb04,77,1900,0,1038502,spout01,16,100,abb,1,5/6/2022,sucrose05,sucrose,5
2022_05_06_abb04,77,2000,0,1038502,spout01,16,100,abb,1,5/6/2022,sucrose05,sucrose,5
2022_05_06_abb04,77,2100,0,1038502,spout01,16,100,abb,1,5/6/2022,sucrose05,sucrose,5
2022_05_06_abb04,77,2200,0,1038502,spout01,16,100,abb,1,5/6/2022,sucrose05,sucrose,5
2022_05_06_abb04,77,2300,0,1038502,spout01,16,100,abb,1,5/6/2022,sucrose05,sucrose,5
2022_05_06_abb04,77,2400,0,1038502,spout01,16,100,abb,1,5/6/2022,sucrose05,sucrose,5
2022_05_06_abb04,77,2500,0,1038502,spout01,16,100,abb,1,5/6/2022,sucrose05,sucrose,5
2022_05_06_abb04,77,2600,0,1038502,spout01,16,100,abb,1,5/6/2022,sucrose05,sucrose,5
2022_05_06_abb04,77,2700,0,1038502,spout01,16,100,abb,1,5/6/2022,sucrose05,sucrose,5
2022_05_06_abb04,77,2800,0,1038502,spout01,16,100,abb,1,5/6/2022,sucrose05,sucrose,5
2022_05_06_abb04,77,2900,0,1038502,spout01,16,100,abb,1,5/6/2022,sucrose05,sucrose,5
2022_05_06_abb04,78,0,0,1050611,spout02,16,100,abb,1,5/6/2022,sucrose20,sucrose,20
2022_05_06_abb04,78,100,0,1050611,spout02,16,100,abb,1,5/6/2022,sucrose20,sucrose,20
2022_05_06_abb04,78,200,0,1050611,spout02,16,100,abb,1,5/6/2022,sucrose20,sucrose,20
2022_05_06_abb04,78,300,0,1050611,spout02,16,100,abb,1,5/6/2022,sucrose20,sucrose,20
2022_05_06_abb04,78,400,0,1050611,spout02,16,100,abb,1,5/6/2022,sucrose20,sucrose,20
2022_05_06_abb04,78,500,0,1050611,spout02,16,100,abb,1,5/6/2022,sucrose20,sucrose,20
2022_05_06_abb04,78,600,0,1050611,spout02,16,100,abb,1,5/6/2022,sucrose20,sucrose,20
2022_05_06_abb04,78,700,0,1050611,spout02,16,100,abb,1,5/6/2022,sucrose20,sucrose,20
2022_05_06_abb04,78,800,0,1050611,spout02,16,100,abb,1,5/6/2022,sucrose20,sucrose,20
2022_05_06_abb04,78,900,0,1050611,spout02,16,100,abb,1,5/6/2022,sucrose20,sucrose,20
2022_05_06_abb04,78,1000,0,1050611,spout02,16,100,abb,1,5/6/2022,sucrose20,sucrose,20
2022_05_06_abb04,78,1100,0,1050611,spout02,16,100,abb,1,5/6/2022,sucrose20,sucrose,20
2022_05_06_abb04,78,1200,0,1050611,spout02,16,100,abb,1,5/6/2022,sucrose20,sucrose,20
2022_05_06_abb04,78,1300,0,1050611,spout02,16,100,abb,1,5/6/2022,sucrose20,sucrose,20
2022_05_06_abb04,78,1400,0,1050611,spout02,16,100,abb,1,5/6/2022,sucrose20,sucrose,20
2022_05_06_abb04,78,1500,0,1050611,spout02,16,100,abb,1,5/6/2022,sucrose20,sucrose,20
2022_05_06_abb04,78,1600,0,1050611,spout02,16,100,abb,1,5/6/2022,sucrose20,sucrose,20
2022_05_06_abb04,78,1700,0,1050611,spout02,16,100,abb,1,5/6/2022,sucrose20,sucrose,20
2022_05_06_abb04,78,1800,0,1050611,spout02,16,100,abb,1,5/6/2022,sucrose20,sucrose,20
2022_05_06_abb04,78,1900,0,1050611,spout02,16,100,abb,1,5/6/2022,sucrose20,sucrose,20
2022_05_06_abb04,78,2000,0,1050611,spout02,16,100,abb,1,5/6/2022,sucrose20,sucrose,20
2022_05_06_abb04,78,2100,0,1050611,spout02,16,100,abb,1,5/6/2022,sucrose20,sucrose,20
2022_05_06_abb04,78,2200,0,1050611,spout02,16,100,abb,1,5/6/2022,sucrose20,sucrose,20
2022_05_06_abb04,78,2300,0,1050611,spout02,16,100,abb,1,5/6/2022,sucrose20,sucrose,20
2022_05_06_abb04,78,2400,0,1050611,spout02,16,100,abb,1,5/6/2022,sucrose20,sucrose,20
2022_05_06_abb04,78,2500,0,1050611,spout02,16,100,abb,1,5/6/2022,sucrose20,sucrose,20
2022_05_06_abb04,78,2600,1,1050611,spout02,16,100,abb,1,5/6/2022,sucrose20,sucrose,20
2022_05_06_abb04,78,2700,1,1050611,spout02,16,100,abb,1,5/6/2022,sucrose20,sucrose,20
2022_05_06_abb04,78,2800,0,1050611,spout02,16,100,abb,1,5/6/2022,sucrose20,sucrose,20
2022_05_06_abb04,78,2900,1,1050611,spout02,16,100,abb,1,5/6/2022,sucrose20,sucrose,20
2022_05_06_abb04,79,0,0,1065107,spout03,15,100,abb,1,5/6/2022,sucrose00,sucrose,0
2022_05_06_abb04,79,100,1,1065107,spout03,15,100,abb,1,5/6/2022,sucrose00,sucrose,0
2022_05_06_abb04,79,200,0,1065107,spout03,15,100,abb,1,5/6/2022,sucrose00,sucrose,0
2022_05_06_abb04,79,300,0,1065107,spout03,15,100,abb,1,5/6/2022,sucrose00,sucrose,0
2022_05_06_abb04,79,400,0,1065107,spout03,15,100,abb,1,5/6/2022,sucrose00,sucrose,0
2022_05_06_abb04,79,500,1,1065107,spout03,15,100,abb,1,5/6/2022,sucrose00,sucrose,0
2022_05_06_abb04,79,600,1,1065107,spout03,15,100,abb,1,5/6/2022,sucrose00,sucrose,0
2022_05_06_abb04,79,700,1,1065107,spout03,15,100,abb,1,5/6/2022,sucrose00,sucrose,0
2022_05_06_abb04,79,800,0,1065107,spout03,15,100,abb,1,5/6/2022,sucrose00,sucrose,0
2022_05_06_abb04,79,900,0,1065107,spout03,15,100,abb,1,5/6/2022,sucrose00,sucrose,0
2022_05_06_abb04,79,1000,0,1065107,spout03,15,100,abb,1,5/6/2022,sucrose00,sucrose,0
2022_05_06_abb04,79,1100,0,1065107,spout03,15,100,abb,1,5/6/2022,sucrose00,sucrose,0
2022_05_06_abb04,79,1200,1,1065107,spout03,15,100,abb,1,5/6/2022,sucrose00,sucrose,0
2022_05_06_abb04,79,1300,1,1065107,spout03,15,100,abb,1,5/6/2022,sucrose00,sucrose,0
2022_05_06_abb04,79,1400,0,1065107,spout03,15,100,abb,1,5/6/2022,sucrose00,sucrose,0
2022_05_06_abb04,79,1500,0,1065107,spout03,15,100,abb,1,5/6/2022,sucrose00,sucrose,0
2022_05_06_abb04,79,1600,0,1065107,spout03,15,100,abb,1,5/6/2022,sucrose00,sucrose,0
2022_05_06_abb04,79,1700,1,1065107,spout03,15,100,abb,1,5/6/2022,sucrose00,sucrose,0
2022_05_06_abb04,79,1800,1,1065107,spout03,15,100,abb,1,5/6/2022,sucrose00,sucrose,0
2022_05_06_abb04,79,1900,1,1065107,spout03,15,100,abb,1,5/6/2022,sucrose00,sucrose,0
2022_05_06_abb04,79,2000,0,1065107,spout03,15,100,abb,1,5/6/2022,sucrose00,sucrose,0
2022_05_06_abb04,79,2100,0,1065107,spout03,15,100,abb,1,5/6/2022,sucrose00,sucrose,0
2022_05_06_abb04,79,2200,0,1065107,spout03,15,100,abb,1,5/6/2022,sucrose00,sucrose,0
2022_05_06_abb04,79,2300,0,1065107,spout03,15,100,abb,1,5/6/2022,sucrose00,sucrose,0
2022_05_06_abb04,79,2400,0,1065107,spout03,15,100,abb,1,5/6/2022,sucrose00,sucrose,0
2022_05_06_abb04,79,2500,0,1065107,spout03,15,100,abb,1,5/6/2022,sucrose00,sucrose,0
2022_05_06_abb04,79,2600,0,1065107,spout03,15,100,abb,1,5/6/2022,sucrose00,sucrose,0
2022_05_06_abb04,79,2700,0,1065107,spout03,15,100,abb,1,5/6/2022,sucrose00,sucrose,0
2022_05_06_abb04,79,2800,0,1065107,spout03,15,100,abb,1,5/6/2022,sucrose00,sucrose,0
2022_05_06_abb04,79,2900,0,1065107,spout03,15,100,abb,1,5/6/2022,sucrose00,sucrose,0
2022_05_06_abb04,80,0,0,1077046,spout03,16,100,abb,1,5/6/2022,sucrose00,sucrose,0
2022_05_06_abb04,80,100,0,1077046,spout03,16,100,abb,1,5/6/2022,sucrose00,sucrose,0
2022_05_06_abb04,80,200,0,1077046,spout03,16,100,abb,1,5/6/2022,sucrose00,sucrose,0
2022_05_06_abb04,80,300,1,1077046,spout03,16,100,abb,1,5/6/2022,sucrose00,sucrose,0
2022_05_06_abb04,80,400,1,1077046,spout03,16,100,abb,1,5/6/2022,sucrose00,sucrose,0
2022_05_06_abb04,80,500,0,1077046,spout03,16,100,abb,1,5/6/2022,sucrose00,sucrose,0
2022_05_06_abb04,80,600,0,1077046,spout03,16,100,abb,1,5/6/2022,sucrose00,sucrose,0
2022_05_06_abb04,80,700,0,1077046,spout03,16,100,abb,1,5/6/2022,sucrose00,sucrose,0
2022_05_06_abb04,80,800,0,1077046,spout03,16,100,abb,1,5/6/2022,sucrose00,sucrose,0
2022_05_06_abb04,80,900,0,1077046,spout03,16,100,abb,1,5/6/2022,sucrose00,sucrose,0
2022_05_06_abb04,80,1000,0,1077046,spout03,16,100,abb,1,5/6/2022,sucrose00,sucrose,0
2022_05_06_abb04,80,1100,0,1077046,spout03,16,100,abb,1,5/6/2022,sucrose00,sucrose,0
2022_05_06_abb04,80,1200,0,1077046,spout03,16,100,abb,1,5/6/2022,sucrose00,sucrose,0
2022_05_06_abb04,80,1300,0,1077046,spout03,16,100,abb,1,5/6/2022,sucrose00,sucrose,0
2022_05_06_abb04,80,1400,0,1077046,spout03,16,100,abb,1,5/6/2022,sucrose00,sucrose,0
2022_05_06_abb04,80,1500,0,1077046,spout03,16,100,abb,1,5/6/2022,sucrose00,sucrose,0
2022_05_06_abb04,80,1600,0,1077046,spout03,16,100,abb,1,5/6/2022,sucrose00,sucrose,0
2022_05_06_abb04,80,1700,0,1077046,spout03,16,100,abb,1,5/6/2022,sucrose00,sucrose,0
2022_05_06_abb04,80,1800,0,1077046,spout03,16,100,abb,1,5/6/2022,sucrose00,sucrose,0
2022_05_06_abb04,80,1900,0,1077046,spout03,16,100,abb,1,5/6/2022,sucrose00,sucrose,0
2022_05_06_abb04,80,2000,0,1077046,spout03,16,100,abb,1,5/6/2022,sucrose00,sucrose,0
2022_05_06_abb04,80,2100,0,1077046,spout03,16,100,abb,1,5/6/2022,sucrose00,sucrose,0
2022_05_06_abb04,80,2200,0,1077046,spout03,16,100,abb,1,5/6/2022,sucrose00,sucrose,0
2022_05_06_abb04,80,2300,0,1077046,spout03,16,100,abb,1,5/6/2022,sucrose00,sucrose,0
2022_05_06_abb04,80,2400,0,1077046,spout03,16,100,abb,1,5/6/2022,sucrose00,sucrose,0
2022_05_06_abb04,80,2500,0,1077046,spout03,16,100,abb,1,5/6/2022,sucrose00,sucrose,0
2022_05_06_abb04,80,2600,0,1077046,spout03,16,100,abb,1,5/6/2022,sucrose00,sucrose,0
2022_05_06_abb04,80,2700,0,1077046,spout03,16,100,abb,1,5/6/2022,sucrose00,sucrose,0
2022_05_06_abb04,80,2800,0,1077046,spout03,16,100,abb,1,5/6/2022,sucrose00,sucrose,0
2022_05_06_abb04,80,2900,0,1077046,spout03,16,100,abb,1,5/6/2022,sucrose00,sucrose,0
2022_05_06_abb04,81,0,0,1089266,spout01,17,100,abb,1,5/6/2022,sucrose05,sucrose,5
2022_05_06_abb04,81,100,0,1089266,spout01,17,100,abb,1,5/6/2022,sucrose05,sucrose,5
2022_05_06_abb04,81,200,0,1089266,spout01,17,100,abb,1,5/6/2022,sucrose05,sucrose,5
2022_05_06_abb04,81,300,0,1089266,spout01,17,100,abb,1,5/6/2022,sucrose05,sucrose,5
2022_05_06_abb04,81,400,0,1089266,spout01,17,100,abb,1,5/6/2022,sucrose05,sucrose,5
2022_05_06_abb04,81,500,0,1089266,spout01,17,100,abb,1,5/6/2022,sucrose05,sucrose,5
2022_05_06_abb04,81,600,0,1089266,spout01,17,100,abb,1,5/6/2022,sucrose05,sucrose,5
2022_05_06_abb04,81,700,0,1089266,spout01,17,100,abb,1,5/6/2022,sucrose05,sucrose,5
2022_05_06_abb04,81,800,0,1089266,spout01,17,100,abb,1,5/6/2022,sucrose05,sucrose,5
2022_05_06_abb04,81,900,0,1089266,spout01,17,100,abb,1,5/6/2022,sucrose05,sucrose,5
2022_05_06_abb04,81,1000,0,1089266,spout01,17,100,abb,1,5/6/2022,sucrose05,sucrose,5
2022_05_06_abb04,81,1100,0,1089266,spout01,17,100,abb,1,5/6/2022,sucrose05,sucrose,5
2022_05_06_abb04,81,1200,0,1089266,spout01,17,100,abb,1,5/6/2022,sucrose05,sucrose,5
2022_05_06_abb04,81,1300,0,1089266,spout01,17,100,abb,1,5/6/2022,sucrose05,sucrose,5
2022_05_06_abb04,81,1400,0,1089266,spout01,17,100,abb,1,5/6/2022,sucrose05,sucrose,5
2022_05_06_abb04,81,1500,0,1089266,spout01,17,100,abb,1,5/6/2022,sucrose05,sucrose,5
2022_05_06_abb04,81,1600,0,1089266,spout01,17,100,abb,1,5/6/2022,sucrose05,sucrose,5
2022_05_06_abb04,81,1700,0,1089266,spout01,17,100,abb,1,5/6/2022,sucrose05,sucrose,5
2022_05_06_abb04,81,1800,0,1089266,spout01,17,100,abb,1,5/6/2022,sucrose05,sucrose,5
2022_05_06_abb04,81,1900,0,1089266,spout01,17,100,abb,1,5/6/2022,sucrose05,sucrose,5
2022_05_06_abb04,81,2000,0,1089266,spout01,17,100,abb,1,5/6/2022,sucrose05,sucrose,5
2022_05_06_abb04,81,2100,0,1089266,spout01,17,100,abb,1,5/6/2022,sucrose05,sucrose,5
2022_05_06_abb04,81,2200,0,1089266,spout01,17,100,abb,1,5/6/2022,sucrose05,sucrose,5
2022_05_06_abb04,81,2300,0,1089266,spout01,17,100,abb,1,5/6/2022,sucrose05,sucrose,5
2022_05_06_abb04,81,2400,0,1089266,spout01,17,100,abb,1,5/6/2022,sucrose05,sucrose,5
2022_05_06_abb04,81,2500,0,1089266,spout01,17,100,abb,1,5/6/2022,sucrose05,sucrose,5
2022_05_06_abb04,81,2600,0,1089266,spout01,17,100,abb,1,5/6/2022,sucrose05,sucrose,5
2022_05_06_abb04,81,2700,0,1089266,spout01,17,100,abb,1,5/6/2022,sucrose05,sucrose,5
2022_05_06_abb04,81,2800,0,1089266,spout01,17,100,abb,1,5/6/2022,sucrose05,sucrose,5
2022_05_06_abb04,81,2900,0,1089266,spout01,17,100,abb,1,5/6/2022,sucrose05,sucrose,5
2022_05_06_abb04,82,0,0,1104313,spout02,17,100,abb,1,5/6/2022,sucrose20,sucrose,20
2022_05_06_abb04,82,100,0,1104313,spout02,17,100,abb,1,5/6/2022,sucrose20,sucrose,20
2022_05_06_abb04,82,200,1,1104313,spout02,17,100,abb,1,5/6/2022,sucrose20,sucrose,20
2022_05_06_abb04,82,300,1,1104313,spout02,17,100,abb,1,5/6/2022,sucrose20,sucrose,20
2022_05_06_abb04,82,400,0,1104313,spout02,17,100,abb,1,5/6/2022,sucrose20,sucrose,20
2022_05_06_abb04,82,500,1,1104313,spout02,17,100,abb,1,5/6/2022,sucrose20,sucrose,20
2022_05_06_abb04,82,600,0,1104313,spout02,17,100,abb,1,5/6/2022,sucrose20,sucrose,20
2022_05_06_abb04,82,700,1,1104313,spout02,17,100,abb,1,5/6/2022,sucrose20,sucrose,20
2022_05_06_abb04,82,800,0,1104313,spout02,17,100,abb,1,5/6/2022,sucrose20,sucrose,20
2022_05_06_abb04,82,900,1,1104313,spout02,17,100,abb,1,5/6/2022,sucrose20,sucrose,20
2022_05_06_abb04,82,1000,1,1104313,spout02,17,100,abb,1,5/6/2022,sucrose20,sucrose,20
2022_05_06_abb04,82,1100,0,1104313,spout02,17,100,abb,1,5/6/2022,sucrose20,sucrose,20
2022_05_06_abb04,82,1200,1,1104313,spout02,17,100,abb,1,5/6/2022,sucrose20,sucrose,20
2022_05_06_abb04,82,1300,0,1104313,spout02,17,100,abb,1,5/6/2022,sucrose20,sucrose,20
2022_05_06_abb04,82,1400,1,1104313,spout02,17,100,abb,1,5/6/2022,sucrose20,sucrose,20
2022_05_06_abb04,82,1500,1,1104313,spout02,17,100,abb,1,5/6/2022,sucrose20,sucrose,20
2022_05_06_abb04,82,1600,1,1104313,spout02,17,100,abb,1,5/6/2022,sucrose20,sucrose,20
2022_05_06_abb04,82,1700,1,1104313,spout02,17,100,abb,1,5/6/2022,sucrose20,sucrose,20
2022_05_06_abb04,82,1800,1,1104313,spout02,17,100,abb,1,5/6/2022,sucrose20,sucrose,20
2022_05_06_abb04,82,1900,1,1104313,spout02,17,100,abb,1,5/6/2022,sucrose20,sucrose,20
2022_05_06_abb04,82,2000,0,1104313,spout02,17,100,abb,1,5/6/2022,sucrose20,sucrose,20
2022_05_06_abb04,82,2100,1,1104313,spout02,17,100,abb,1,5/6/2022,sucrose20,sucrose,20
2022_05_06_abb04,82,2200,1,1104313,spout02,17,100,abb,1,5/6/2022,sucrose20,sucrose,20
2022_05_06_abb04,82,2300,1,1104313,spout02,17,100,abb,1,5/6/2022,sucrose20,sucrose,20
2022_05_06_abb04,82,2400,0,1104313,spout02,17,100,abb,1,5/6/2022,sucrose20,sucrose,20
2022_05_06_abb04,82,2500,1,1104313,spout02,17,100,abb,1,5/6/2022,sucrose20,sucrose,20
2022_05_06_abb04,82,2600,1,1104313,spout02,17,100,abb,1,5/6/2022,sucrose20,sucrose,20
2022_05_06_abb04,82,2700,0,1104313,spout02,17,100,abb,1,5/6/2022,sucrose20,sucrose,20
2022_05_06_abb04,82,2800,0,1104313,spout02,17,100,abb,1,5/6/2022,sucrose20,sucrose,20
2022_05_06_abb04,82,2900,1,1104313,spout02,17,100,abb,1,5/6/2022,sucrose20,sucrose,20
2022_05_06_abb04,83,0,0,1117675,spout05,17,100,abb,1,5/6/2022,sucrose10,sucrose,10
2022_05_06_abb04,83,100,0,1117675,spout05,17,100,abb,1,5/6/2022,sucrose10,sucrose,10
2022_05_06_abb04,83,200,0,1117675,spout05,17,100,abb,1,5/6/2022,sucrose10,sucrose,10
2022_05_06_abb04,83,300,0,1117675,spout05,17,100,abb,1,5/6/2022,sucrose10,sucrose,10
2022_05_06_abb04,83,400,0,1117675,spout05,17,100,abb,1,5/6/2022,sucrose10,sucrose,10
2022_05_06_abb04,83,500,0,1117675,spout05,17,100,abb,1,5/6/2022,sucrose10,sucrose,10
2022_05_06_abb04,83,600,0,1117675,spout05,17,100,abb,1,5/6/2022,sucrose10,sucrose,10
2022_05_06_abb04,83,700,0,1117675,spout05,17,100,abb,1,5/6/2022,sucrose10,sucrose,10
2022_05_06_abb04,83,800,0,1117675,spout05,17,100,abb,1,5/6/2022,sucrose10,sucrose,10
2022_05_06_abb04,83,900,0,1117675,spout05,17,100,abb,1,5/6/2022,sucrose10,sucrose,10
2022_05_06_abb04,83,1000,0,1117675,spout05,17,100,abb,1,5/6/2022,sucrose10,sucrose,10
2022_05_06_abb04,83,1100,0,1117675,spout05,17,100,abb,1,5/6/2022,sucrose10,sucrose,10
2022_05_06_abb04,83,1200,0,1117675,spout05,17,100,abb,1,5/6/2022,sucrose10,sucrose,10
2022_05_06_abb04,83,1300,0,1117675,spout05,17,100,abb,1,5/6/2022,sucrose10,sucrose,10
2022_05_06_abb04,83,1400,0,1117675,spout05,17,100,abb,1,5/6/2022,sucrose10,sucrose,10
2022_05_06_abb04,83,1500,0,1117675,spout05,17,100,abb,1,5/6/2022,sucrose10,sucrose,10
2022_05_06_abb04,83,1600,0,1117675,spout05,17,100,abb,1,5/6/2022,sucrose10,sucrose,10
2022_05_06_abb04,83,1700,0,1117675,spout05,17,100,abb,1,5/6/2022,sucrose10,sucrose,10
2022_05_06_abb04,83,1800,0,1117675,spout05,17,100,abb,1,5/6/2022,sucrose10,sucrose,10
2022_05_06_abb04,83,1900,0,1117675,spout05,17,100,abb,1,5/6/2022,sucrose10,sucrose,10
2022_05_06_abb04,83,2000,0,1117675,spout05,17,100,abb,1,5/6/2022,sucrose10,sucrose,10
2022_05_06_abb04,83,2100,0,1117675,spout05,17,100,abb,1,5/6/2022,sucrose10,sucrose,10
2022_05_06_abb04,83,2200,0,1117675,spout05,17,100,abb,1,5/6/2022,sucrose10,sucrose,10
2022_05_06_abb04,83,2300,0,1117675,spout05,17,100,abb,1,5/6/2022,sucrose10,sucrose,10
2022_05_06_abb04,83,2400,0,1117675,spout05,17,100,abb,1,5/6/2022,sucrose10,sucrose,10
2022_05_06_abb04,83,2500,0,1117675,spout05,17,100,abb,1,5/6/2022,sucrose10,sucrose,10
2022_05_06_abb04,83,2600,0,1117675,spout05,17,100,abb,1,5/6/2022,sucrose10,sucrose,10
2022_05_06_abb04,83,2700,0,1117675,spout05,17,100,abb,1,5/6/2022,sucrose10,sucrose,10
2022_05_06_abb04,83,2800,0,1117675,spout05,17,100,abb,1,5/6/2022,sucrose10,sucrose,10
2022_05_06_abb04,83,2900,0,1117675,spout05,17,100,abb,1,5/6/2022,sucrose10,sucrose,10
2022_05_06_abb04,84,0,0,1129011,spout03,17,100,abb,1,5/6/2022,sucrose00,sucrose,0
2022_05_06_abb04,84,100,0,1129011,spout03,17,100,abb,1,5/6/2022,sucrose00,sucrose,0
2022_05_06_abb04,84,200,0,1129011,spout03,17,100,abb,1,5/6/2022,sucrose00,sucrose,0
2022_05_06_abb04,84,300,0,1129011,spout03,17,100,abb,1,5/6/2022,sucrose00,sucrose,0
2022_05_06_abb04,84,400,0,1129011,spout03,17,100,abb,1,5/6/2022,sucrose00,sucrose,0
2022_05_06_abb04,84,500,0,1129011,spout03,17,100,abb,1,5/6/2022,sucrose00,sucrose,0
2022_05_06_abb04,84,600,0,1129011,spout03,17,100,abb,1,5/6/2022,sucrose00,sucrose,0
2022_05_06_abb04,84,700,0,1129011,spout03,17,100,abb,1,5/6/2022,sucrose00,sucrose,0
2022_05_06_abb04,84,800,0,1129011,spout03,17,100,abb,1,5/6/2022,sucrose00,sucrose,0
2022_05_06_abb04,84,900,0,1129011,spout03,17,100,abb,1,5/6/2022,sucrose00,sucrose,0
2022_05_06_abb04,84,1000,0,1129011,spout03,17,100,abb,1,5/6/2022,sucrose00,sucrose,0
2022_05_06_abb04,84,1100,0,1129011,spout03,17,100,abb,1,5/6/2022,sucrose00,sucrose,0
2022_05_06_abb04,84,1200,0,1129011,spout03,17,100,abb,1,5/6/2022,sucrose00,sucrose,0
2022_05_06_abb04,84,1300,0,1129011,spout03,17,100,abb,1,5/6/2022,sucrose00,sucrose,0
2022_05_06_abb04,84,1400,0,1129011,spout03,17,100,abb,1,5/6/2022,sucrose00,sucrose,0
2022_05_06_abb04,84,1500,0,1129011,spout03,17,100,abb,1,5/6/2022,sucrose00,sucrose,0
2022_05_06_abb04,84,1600,0,1129011,spout03,17,100,abb,1,5/6/2022,sucrose00,sucrose,0
2022_05_06_abb04,84,1700,0,1129011,spout03,17,100,abb,1,5/6/2022,sucrose00,sucrose,0
2022_05_06_abb04,84,1800,0,1129011,spout03,17,100,abb,1,5/6/2022,sucrose00,sucrose,0
2022_05_06_abb04,84,1900,0,1129011,spout03,17,100,abb,1,5/6/2022,sucrose00,sucrose,0
2022_05_06_abb04,84,2000,0,1129011,spout03,17,100,abb,1,5/6/2022,sucrose00,sucrose,0
2022_05_06_abb04,84,2100,0,1129011,spout03,17,100,abb,1,5/6/2022,sucrose00,sucrose,0
2022_05_06_abb04,84,2200,0,1129011,spout03,17,100,abb,1,5/6/2022,sucrose00,sucrose,0
2022_05_06_abb04,84,2300,0,1129011,spout03,17,100,abb,1,5/6/2022,sucrose00,sucrose,0
2022_05_06_abb04,84,2400,0,1129011,spout03,17,100,abb,1,5/6/2022,sucrose00,sucrose,0
2022_05_06_abb04,84,2500,0,1129011,spout03,17,100,abb,1,5/6/2022,sucrose00,sucrose,0
2022_05_06_abb04,84,2600,0,1129011,spout03,17,100,abb,1,5/6/2022,sucrose00,sucrose,0
2022_05_06_abb04,84,2700,0,1129011,spout03,17,100,abb,1,5/6/2022,sucrose00,sucrose,0
2022_05_06_abb04,84,2800,0,1129011,spout03,17,100,abb,1,5/6/2022,sucrose00,sucrose,0
2022_05_06_abb04,84,2900,0,1129011,spout03,17,100,abb,1,5/6/2022,sucrose00,sucrose,0
2022_05_06_abb04,85,0,0,1142857,spout01,18,100,abb,1,5/6/2022,sucrose05,sucrose,5
2022_05_06_abb04,85,100,0,1142857,spout01,18,100,abb,1,5/6/2022,sucrose05,sucrose,5
2022_05_06_abb04,85,200,0,1142857,spout01,18,100,abb,1,5/6/2022,sucrose05,sucrose,5
2022_05_06_abb04,85,300,0,1142857,spout01,18,100,abb,1,5/6/2022,sucrose05,sucrose,5
2022_05_06_abb04,85,400,0,1142857,spout01,18,100,abb,1,5/6/2022,sucrose05,sucrose,5
2022_05_06_abb04,85,500,0,1142857,spout01,18,100,abb,1,5/6/2022,sucrose05,sucrose,5
2022_05_06_abb04,85,600,0,1142857,spout01,18,100,abb,1,5/6/2022,sucrose05,sucrose,5
2022_05_06_abb04,85,700,0,1142857,spout01,18,100,abb,1,5/6/2022,sucrose05,sucrose,5
2022_05_06_abb04,85,800,0,1142857,spout01,18,100,abb,1,5/6/2022,sucrose05,sucrose,5
2022_05_06_abb04,85,900,0,1142857,spout01,18,100,abb,1,5/6/2022,sucrose05,sucrose,5
2022_05_06_abb04,85,1000,0,1142857,spout01,18,100,abb,1,5/6/2022,sucrose05,sucrose,5
2022_05_06_abb04,85,1100,0,1142857,spout01,18,100,abb,1,5/6/2022,sucrose05,sucrose,5
2022_05_06_abb04,85,1200,0,1142857,spout01,18,100,abb,1,5/6/2022,sucrose05,sucrose,5
2022_05_06_abb04,85,1300,0,1142857,spout01,18,100,abb,1,5/6/2022,sucrose05,sucrose,5
2022_05_06_abb04,85,1400,0,1142857,spout01,18,100,abb,1,5/6/2022,sucrose05,sucrose,5
2022_05_06_abb04,85,1500,0,1142857,spout01,18,100,abb,1,5/6/2022,sucrose05,sucrose,5
2022_05_06_abb04,85,1600,0,1142857,spout01,18,100,abb,1,5/6/2022,sucrose05,sucrose,5
2022_05_06_abb04,85,1700,0,1142857,spout01,18,100,abb,1,5/6/2022,sucrose05,sucrose,5
2022_05_06_abb04,85,1800,0,1142857,spout01,18,100,abb,1,5/6/2022,sucrose05,sucrose,5
2022_05_06_abb04,85,1900,0,1142857,spout01,18,100,abb,1,5/6/2022,sucrose05,sucrose,5
2022_05_06_abb04,85,2000,0,1142857,spout01,18,100,abb,1,5/6/2022,sucrose05,sucrose,5
2022_05_06_abb04,85,2100,0,1142857,spout01,18,100,abb,1,5/6/2022,sucrose05,sucrose,5
2022_05_06_abb04,85,2200,0,1142857,spout01,18,100,abb,1,5/6/2022,sucrose05,sucrose,5
2022_05_06_abb04,85,2300,0,1142857,spout01,18,100,abb,1,5/6/2022,sucrose05,sucrose,5
2022_05_06_abb04,85,2400,0,1142857,spout01,18,100,abb,1,5/6/2022,sucrose05,sucrose,5
2022_05_06_abb04,85,2500,0,1142857,spout01,18,100,abb,1,5/6/2022,sucrose05,sucrose,5
2022_05_06_abb04,85,2600,0,1142857,spout01,18,100,abb,1,5/6/2022,sucrose05,sucrose,5
2022_05_06_abb04,85,2700,0,1142857,spout01,18,100,abb,1,5/6/2022,sucrose05,sucrose,5
2022_05_06_abb04,85,2800,0,1142857,spout01,18,100,abb,1,5/6/2022,sucrose05,sucrose,5
2022_05_06_abb04,85,2900,0,1142857,spout01,18,100,abb,1,5/6/2022,sucrose05,sucrose,5
2022_05_06_abb04,86,0,0,1158599,spout03,18,100,abb,1,5/6/2022,sucrose00,sucrose,0
2022_05_06_abb04,86,100,0,1158599,spout03,18,100,abb,1,5/6/2022,sucrose00,sucrose,0
2022_05_06_abb04,86,200,0,1158599,spout03,18,100,abb,1,5/6/2022,sucrose00,sucrose,0
2022_05_06_abb04,86,300,0,1158599,spout03,18,100,abb,1,5/6/2022,sucrose00,sucrose,0
2022_05_06_abb04,86,400,0,1158599,spout03,18,100,abb,1,5/6/2022,sucrose00,sucrose,0
2022_05_06_abb04,86,500,0,1158599,spout03,18,100,abb,1,5/6/2022,sucrose00,sucrose,0
2022_05_06_abb04,86,600,0,1158599,spout03,18,100,abb,1,5/6/2022,sucrose00,sucrose,0
2022_05_06_abb04,86,700,0,1158599,spout03,18,100,abb,1,5/6/2022,sucrose00,sucrose,0
2022_05_06_abb04,86,800,0,1158599,spout03,18,100,abb,1,5/6/2022,sucrose00,sucrose,0
2022_05_06_abb04,86,900,0,1158599,spout03,18,100,abb,1,5/6/2022,sucrose00,sucrose,0
2022_05_06_abb04,86,1000,0,1158599,spout03,18,100,abb,1,5/6/2022,sucrose00,sucrose,0
2022_05_06_abb04,86,1100,0,1158599,spout03,18,100,abb,1,5/6/2022,sucrose00,sucrose,0
2022_05_06_abb04,86,1200,0,1158599,spout03,18,100,abb,1,5/6/2022,sucrose00,sucrose,0
2022_05_06_abb04,86,1300,0,1158599,spout03,18,100,abb,1,5/6/2022,sucrose00,sucrose,0
2022_05_06_abb04,86,1400,0,1158599,spout03,18,100,abb,1,5/6/2022,sucrose00,sucrose,0
2022_05_06_abb04,86,1500,0,1158599,spout03,18,100,abb,1,5/6/2022,sucrose00,sucrose,0
2022_05_06_abb04,86,1600,0,1158599,spout03,18,100,abb,1,5/6/2022,sucrose00,sucrose,0
2022_05_06_abb04,86,1700,0,1158599,spout03,18,100,abb,1,5/6/2022,sucrose00,sucrose,0
2022_05_06_abb04,86,1800,0,1158599,spout03,18,100,abb,1,5/6/2022,sucrose00,sucrose,0
2022_05_06_abb04,86,1900,0,1158599,spout03,18,100,abb,1,5/6/2022,sucrose00,sucrose,0
2022_05_06_abb04,86,2000,0,1158599,spout03,18,100,abb,1,5/6/2022,sucrose00,sucrose,0
2022_05_06_abb04,86,2100,0,1158599,spout03,18,100,abb,1,5/6/2022,sucrose00,sucrose,0
2022_05_06_abb04,86,2200,0,1158599,spout03,18,100,abb,1,5/6/2022,sucrose00,sucrose,0
2022_05_06_abb04,86,2300,0,1158599,spout03,18,100,abb,1,5/6/2022,sucrose00,sucrose,0
2022_05_06_abb04,86,2400,0,1158599,spout03,18,100,abb,1,5/6/2022,sucrose00,sucrose,0
2022_05_06_abb04,86,2500,0,1158599,spout03,18,100,abb,1,5/6/2022,sucrose00,sucrose,0
2022_05_06_abb04,86,2600,0,1158599,spout03,18,100,abb,1,5/6/2022,sucrose00,sucrose,0
2022_05_06_abb04,86,2700,0,1158599,spout03,18,100,abb,1,5/6/2022,sucrose00,sucrose,0
2022_05_06_abb04,86,2800,0,1158599,spout03,18,100,abb,1,5/6/2022,sucrose00,sucrose,0
2022_05_06_abb04,86,2900,0,1158599,spout03,18,100,abb,1,5/6/2022,sucrose00,sucrose,0
2022_05_06_abb04,87,0,0,1173340,spout05,18,100,abb,1,5/6/2022,sucrose10,sucrose,10
2022_05_06_abb04,87,100,0,1173340,spout05,18,100,abb,1,5/6/2022,sucrose10,sucrose,10
2022_05_06_abb04,87,200,0,1173340,spout05,18,100,abb,1,5/6/2022,sucrose10,sucrose,10
2022_05_06_abb04,87,300,1,1173340,spout05,18,100,abb,1,5/6/2022,sucrose10,sucrose,10
2022_05_06_abb04,87,400,1,1173340,spout05,18,100,abb,1,5/6/2022,sucrose10,sucrose,10
2022_05_06_abb04,87,500,0,1173340,spout05,18,100,abb,1,5/6/2022,sucrose10,sucrose,10
2022_05_06_abb04,87,600,0,1173340,spout05,18,100,abb,1,5/6/2022,sucrose10,sucrose,10
2022_05_06_abb04,87,700,0,1173340,spout05,18,100,abb,1,5/6/2022,sucrose10,sucrose,10
2022_05_06_abb04,87,800,1,1173340,spout05,18,100,abb,1,5/6/2022,sucrose10,sucrose,10
2022_05_06_abb04,87,900,1,1173340,spout05,18,100,abb,1,5/6/2022,sucrose10,sucrose,10
2022_05_06_abb04,87,1000,1,1173340,spout05,18,100,abb,1,5/6/2022,sucrose10,sucrose,10
2022_05_06_abb04,87,1100,0,1173340,spout05,18,100,abb,1,5/6/2022,sucrose10,sucrose,10
2022_05_06_abb04,87,1200,1,1173340,spout05,18,100,abb,1,5/6/2022,sucrose10,sucrose,10
2022_05_06_abb04,87,1300,1,1173340,spout05,18,100,abb,1,5/6/2022,sucrose10,sucrose,10
2022_05_06_abb04,87,1400,1,1173340,spout05,18,100,abb,1,5/6/2022,sucrose10,sucrose,10
2022_05_06_abb04,87,1500,0,1173340,spout05,18,100,abb,1,5/6/2022,sucrose10,sucrose,10
2022_05_06_abb04,87,1600,1,1173340,spout05,18,100,abb,1,5/6/2022,sucrose10,sucrose,10
2022_05_06_abb04,87,1700,1,1173340,spout05,18,100,abb,1,5/6/2022,sucrose10,sucrose,10
2022_05_06_abb04,87,1800,0,1173340,spout05,18,100,abb,1,5/6/2022,sucrose10,sucrose,10
2022_05_06_abb04,87,1900,1,1173340,spout05,18,100,abb,1,5/6/2022,sucrose10,sucrose,10
2022_05_06_abb04,87,2000,1,1173340,spout05,18,100,abb,1,5/6/2022,sucrose10,sucrose,10
2022_05_06_abb04,87,2100,1,1173340,spout05,18,100,abb,1,5/6/2022,sucrose10,sucrose,10
2022_05_06_abb04,87,2200,1,1173340,spout05,18,100,abb,1,5/6/2022,sucrose10,sucrose,10
2022_05_06_abb04,87,2300,0,1173340,spout05,18,100,abb,1,5/6/2022,sucrose10,sucrose,10
2022_05_06_abb04,87,2400,1,1173340,spout05,18,100,abb,1,5/6/2022,sucrose10,sucrose,10
2022_05_06_abb04,87,2500,1,1173340,spout05,18,100,abb,1,5/6/2022,sucrose10,sucrose,10
2022_05_06_abb04,87,2600,0,1173340,spout05,18,100,abb,1,5/6/2022,sucrose10,sucrose,10
2022_05_06_abb04,87,2700,0,1173340,spout05,18,100,abb,1,5/6/2022,sucrose10,sucrose,10
2022_05_06_abb04,87,2800,0,1173340,spout05,18,100,abb,1,5/6/2022,sucrose10,sucrose,10
2022_05_06_abb04,87,2900,0,1173340,spout05,18,100,abb,1,5/6/2022,sucrose10,sucrose,10
2022_05_06_abb04,88,0,0,1188032,spout04,17,100,abb,1,5/6/2022,sucrose30,sucrose,30
2022_05_06_abb04,88,100,0,1188032,spout04,17,100,abb,1,5/6/2022,sucrose30,sucrose,30
2022_05_06_abb04,88,200,0,1188032,spout04,17,100,abb,1,5/6/2022,sucrose30,sucrose,30
2022_05_06_abb04,88,300,0,1188032,spout04,17,100,abb,1,5/6/2022,sucrose30,sucrose,30
2022_05_06_abb04,88,400,0,1188032,spout04,17,100,abb,1,5/6/2022,sucrose30,sucrose,30
2022_05_06_abb04,88,500,0,1188032,spout04,17,100,abb,1,5/6/2022,sucrose30,sucrose,30
2022_05_06_abb04,88,600,0,1188032,spout04,17,100,abb,1,5/6/2022,sucrose30,sucrose,30
2022_05_06_abb04,88,700,0,1188032,spout04,17,100,abb,1,5/6/2022,sucrose30,sucrose,30
2022_05_06_abb04,88,800,0,1188032,spout04,17,100,abb,1,5/6/2022,sucrose30,sucrose,30
2022_05_06_abb04,88,900,0,1188032,spout04,17,100,abb,1,5/6/2022,sucrose30,sucrose,30
2022_05_06_abb04,88,1000,0,1188032,spout04,17,100,abb,1,5/6/2022,sucrose30,sucrose,30
2022_05_06_abb04,88,1100,0,1188032,spout04,17,100,abb,1,5/6/2022,sucrose30,sucrose,30
2022_05_06_abb04,88,1200,0,1188032,spout04,17,100,abb,1,5/6/2022,sucrose30,sucrose,30
2022_05_06_abb04,88,1300,0,1188032,spout04,17,100,abb,1,5/6/2022,sucrose30,sucrose,30
2022_05_06_abb04,88,1400,0,1188032,spout04,17,100,abb,1,5/6/2022,sucrose30,sucrose,30
2022_05_06_abb04,88,1500,0,1188032,spout04,17,100,abb,1,5/6/2022,sucrose30,sucrose,30
2022_05_06_abb04,88,1600,0,1188032,spout04,17,100,abb,1,5/6/2022,sucrose30,sucrose,30
2022_05_06_abb04,88,1700,0,1188032,spout04,17,100,abb,1,5/6/2022,sucrose30,sucrose,30
2022_05_06_abb04,88,1800,0,1188032,spout04,17,100,abb,1,5/6/2022,sucrose30,sucrose,30
2022_05_06_abb04,88,1900,0,1188032,spout04,17,100,abb,1,5/6/2022,sucrose30,sucrose,30
2022_05_06_abb04,88,2000,0,1188032,spout04,17,100,abb,1,5/6/2022,sucrose30,sucrose,30
2022_05_06_abb04,88,2100,0,1188032,spout04,17,100,abb,1,5/6/2022,sucrose30,sucrose,30
2022_05_06_abb04,88,2200,0,1188032,spout04,17,100,abb,1,5/6/2022,sucrose30,sucrose,30
2022_05_06_abb04,88,2300,0,1188032,spout04,17,100,abb,1,5/6/2022,sucrose30,sucrose,30
2022_05_06_abb04,88,2400,0,1188032,spout04,17,100,abb,1,5/6/2022,sucrose30,sucrose,30
2022_05_06_abb04,88,2500,0,1188032,spout04,17,100,abb,1,5/6/2022,sucrose30,sucrose,30
2022_05_06_abb04,88,2600,0,1188032,spout04,17,100,abb,1,5/6/2022,sucrose30,sucrose,30
2022_05_06_abb04,88,2700,0,1188032,spout04,17,100,abb,1,5/6/2022,sucrose30,sucrose,30
2022_05_06_abb04,88,2800,0,1188032,spout04,17,100,abb,1,5/6/2022,sucrose30,sucrose,30
2022_05_06_abb04,88,2900,0,1188032,spout04,17,100,abb,1,5/6/2022,sucrose30,sucrose,30
2022_05_06_abb04,89,0,0,1203223,spout02,18,100,abb,1,5/6/2022,sucrose20,sucrose,20
2022_05_06_abb04,89,100,0,1203223,spout02,18,100,abb,1,5/6/2022,sucrose20,sucrose,20
2022_05_06_abb04,89,200,1,1203223,spout02,18,100,abb,1,5/6/2022,sucrose20,sucrose,20
2022_05_06_abb04,89,300,1,1203223,spout02,18,100,abb,1,5/6/2022,sucrose20,sucrose,20
2022_05_06_abb04,89,400,0,1203223,spout02,18,100,abb,1,5/6/2022,sucrose20,sucrose,20
2022_05_06_abb04,89,500,1,1203223,spout02,18,100,abb,1,5/6/2022,sucrose20,sucrose,20
2022_05_06_abb04,89,600,1,1203223,spout02,18,100,abb,1,5/6/2022,sucrose20,sucrose,20
2022_05_06_abb04,89,700,0,1203223,spout02,18,100,abb,1,5/6/2022,sucrose20,sucrose,20
2022_05_06_abb04,89,800,0,1203223,spout02,18,100,abb,1,5/6/2022,sucrose20,sucrose,20
2022_05_06_abb04,89,900,1,1203223,spout02,18,100,abb,1,5/6/2022,sucrose20,sucrose,20
2022_05_06_abb04,89,1000,0,1203223,spout02,18,100,abb,1,5/6/2022,sucrose20,sucrose,20
2022_05_06_abb04,89,1100,1,1203223,spout02,18,100,abb,1,5/6/2022,sucrose20,sucrose,20
2022_05_06_abb04,89,1200,0,1203223,spout02,18,100,abb,1,5/6/2022,sucrose20,sucrose,20
2022_05_06_abb04,89,1300,1,1203223,spout02,18,100,abb,1,5/6/2022,sucrose20,sucrose,20
2022_05_06_abb04,89,1400,1,1203223,spout02,18,100,abb,1,5/6/2022,sucrose20,sucrose,20
2022_05_06_abb04,89,1500,1,1203223,spout02,18,100,abb,1,5/6/2022,sucrose20,sucrose,20
2022_05_06_abb04,89,1600,0,1203223,spout02,18,100,abb,1,5/6/2022,sucrose20,sucrose,20
2022_05_06_abb04,89,1700,0,1203223,spout02,18,100,abb,1,5/6/2022,sucrose20,sucrose,20
2022_05_06_abb04,89,1800,0,1203223,spout02,18,100,abb,1,5/6/2022,sucrose20,sucrose,20
2022_05_06_abb04,89,1900,1,1203223,spout02,18,100,abb,1,5/6/2022,sucrose20,sucrose,20
2022_05_06_abb04,89,2000,1,1203223,spout02,18,100,abb,1,5/6/2022,sucrose20,sucrose,20
2022_05_06_abb04,89,2100,1,1203223,spout02,18,100,abb,1,5/6/2022,sucrose20,sucrose,20
2022_05_06_abb04,89,2200,0,1203223,spout02,18,100,abb,1,5/6/2022,sucrose20,sucrose,20
2022_05_06_abb04,89,2300,1,1203223,spout02,18,100,abb,1,5/6/2022,sucrose20,sucrose,20
2022_05_06_abb04,89,2400,0,1203223,spout02,18,100,abb,1,5/6/2022,sucrose20,sucrose,20
2022_05_06_abb04,89,2500,0,1203223,spout02,18,100,abb,1,5/6/2022,sucrose20,sucrose,20
2022_05_06_abb04,89,2600,1,1203223,spout02,18,100,abb,1,5/6/2022,sucrose20,sucrose,20
2022_05_06_abb04,89,2700,1,1203223,spout02,18,100,abb,1,5/6/2022,sucrose20,sucrose,20
2022_05_06_abb04,89,2800,1,1203223,spout02,18,100,abb,1,5/6/2022,sucrose20,sucrose,20
2022_05_06_abb04,89,2900,0,1203223,spout02,18,100,abb,1,5/6/2022,sucrose20,sucrose,20
2022_05_06_abb04,90,0,0,1216762,spout04,18,100,abb,1,5/6/2022,sucrose30,sucrose,30
2022_05_06_abb04,90,100,0,1216762,spout04,18,100,abb,1,5/6/2022,sucrose30,sucrose,30
2022_05_06_abb04,90,200,0,1216762,spout04,18,100,abb,1,5/6/2022,sucrose30,sucrose,30
2022_05_06_abb04,90,300,1,1216762,spout04,18,100,abb,1,5/6/2022,sucrose30,sucrose,30
2022_05_06_abb04,90,400,0,1216762,spout04,18,100,abb,1,5/6/2022,sucrose30,sucrose,30
2022_05_06_abb04,90,500,1,1216762,spout04,18,100,abb,1,5/6/2022,sucrose30,sucrose,30
2022_05_06_abb04,90,600,0,1216762,spout04,18,100,abb,1,5/6/2022,sucrose30,sucrose,30
2022_05_06_abb04,90,700,1,1216762,spout04,18,100,abb,1,5/6/2022,sucrose30,sucrose,30
2022_05_06_abb04,90,800,0,1216762,spout04,18,100,abb,1,5/6/2022,sucrose30,sucrose,30
2022_05_06_abb04,90,900,1,1216762,spout04,18,100,abb,1,5/6/2022,sucrose30,sucrose,30
2022_05_06_abb04,90,1000,0,1216762,spout04,18,100,abb,1,5/6/2022,sucrose30,sucrose,30
2022_05_06_abb04,90,1100,1,1216762,spout04,18,100,abb,1,5/6/2022,sucrose30,sucrose,30
2022_05_06_abb04,90,1200,0,1216762,spout04,18,100,abb,1,5/6/2022,sucrose30,sucrose,30
2022_05_06_abb04,90,1300,1,1216762,spout04,18,100,abb,1,5/6/2022,sucrose30,sucrose,30
2022_05_06_abb04,90,1400,1,1216762,spout04,18,100,abb,1,5/6/2022,sucrose30,sucrose,30
2022_05_06_abb04,90,1500,1,1216762,spout04,18,100,abb,1,5/6/2022,sucrose30,sucrose,30
2022_05_06_abb04,90,1600,1,1216762,spout04,18,100,abb,1,5/6/2022,sucrose30,sucrose,30
2022_05_06_abb04,90,1700,1,1216762,spout04,18,100,abb,1,5/6/2022,sucrose30,sucrose,30
2022_05_06_abb04,90,1800,0,1216762,spout04,18,100,abb,1,5/6/2022,sucrose30,sucrose,30
2022_05_06_abb04,90,1900,1,1216762,spout04,18,100,abb,1,5/6/2022,sucrose30,sucrose,30
2022_05_06_abb04,90,2000,0,1216762,spout04,18,100,abb,1,5/6/2022,sucrose30,sucrose,30
2022_05_06_abb04,90,2100,0,1216762,spout04,18,100,abb,1,5/6/2022,sucrose30,sucrose,30
2022_05_06_abb04,90,2200,1,1216762,spout04,18,100,abb,1,5/6/2022,sucrose30,sucrose,30
2022_05_06_abb04,90,2300,0,1216762,spout04,18,100,abb,1,5/6/2022,sucrose30,sucrose,30
2022_05_06_abb04,90,2400,1,1216762,spout04,18,100,abb,1,5/6/2022,sucrose30,sucrose,30
2022_05_06_abb04,90,2500,0,1216762,spout04,18,100,abb,1,5/6/2022,sucrose30,sucrose,30
2022_05_06_abb04,90,2600,1,1216762,spout04,18,100,abb,1,5/6/2022,sucrose30,sucrose,30
2022_05_06_abb04,90,2700,0,1216762,spout04,18,100,abb,1,5/6/2022,sucrose30,sucrose,30
2022_05_06_abb04,90,2800,0,1216762,spout04,18,100,abb,1,5/6/2022,sucrose30,sucrose,30
2022_05_06_abb04,90,2900,0,1216762,spout04,18,100,abb,1,5/6/2022,sucrose30,sucrose,30
2022_05_06_abb04,91,0,0,1228383,spout01,19,100,abb,1,5/6/2022,sucrose05,sucrose,5
2022_05_06_abb04,91,100,0,1228383,spout01,19,100,abb,1,5/6/2022,sucrose05,sucrose,5
2022_05_06_abb04,91,200,1,1228383,spout01,19,100,abb,1,5/6/2022,sucrose05,sucrose,5
2022_05_06_abb04,91,300,0,1228383,spout01,19,100,abb,1,5/6/2022,sucrose05,sucrose,5
2022_05_06_abb04,91,400,1,1228383,spout01,19,100,abb,1,5/6/2022,sucrose05,sucrose,5
2022_05_06_abb04,91,500,0,1228383,spout01,19,100,abb,1,5/6/2022,sucrose05,sucrose,5
2022_05_06_abb04,91,600,1,1228383,spout01,19,100,abb,1,5/6/2022,sucrose05,sucrose,5
2022_05_06_abb04,91,700,0,1228383,spout01,19,100,abb,1,5/6/2022,sucrose05,sucrose,5
2022_05_06_abb04,91,800,0,1228383,spout01,19,100,abb,1,5/6/2022,sucrose05,sucrose,5
2022_05_06_abb04,91,900,0,1228383,spout01,19,100,abb,1,5/6/2022,sucrose05,sucrose,5
2022_05_06_abb04,91,1000,0,1228383,spout01,19,100,abb,1,5/6/2022,sucrose05,sucrose,5
2022_05_06_abb04,91,1100,0,1228383,spout01,19,100,abb,1,5/6/2022,sucrose05,sucrose,5
2022_05_06_abb04,91,1200,0,1228383,spout01,19,100,abb,1,5/6/2022,sucrose05,sucrose,5
2022_05_06_abb04,91,1300,0,1228383,spout01,19,100,abb,1,5/6/2022,sucrose05,sucrose,5
2022_05_06_abb04,91,1400,0,1228383,spout01,19,100,abb,1,5/6/2022,sucrose05,sucrose,5
2022_05_06_abb04,91,1500,0,1228383,spout01,19,100,abb,1,5/6/2022,sucrose05,sucrose,5
2022_05_06_abb04,91,1600,0,1228383,spout01,19,100,abb,1,5/6/2022,sucrose05,sucrose,5
2022_05_06_abb04,91,1700,0,1228383,spout01,19,100,abb,1,5/6/2022,sucrose05,sucrose,5
2022_05_06_abb04,91,1800,0,1228383,spout01,19,100,abb,1,5/6/2022,sucrose05,sucrose,5
2022_05_06_abb04,91,1900,0,1228383,spout01,19,100,abb,1,5/6/2022,sucrose05,sucrose,5
2022_05_06_abb04,91,2000,0,1228383,spout01,19,100,abb,1,5/6/2022,sucrose05,sucrose,5
2022_05_06_abb04,91,2100,0,1228383,spout01,19,100,abb,1,5/6/2022,sucrose05,sucrose,5
2022_05_06_abb04,91,2200,0,1228383,spout01,19,100,abb,1,5/6/2022,sucrose05,sucrose,5
2022_05_06_abb04,91,2300,0,1228383,spout01,19,100,abb,1,5/6/2022,sucrose05,sucrose,5
2022_05_06_abb04,91,2400,0,1228383,spout01,19,100,abb,1,5/6/2022,sucrose05,sucrose,5
2022_05_06_abb04,91,2500,0,1228383,spout01,19,100,abb,1,5/6/2022,sucrose05,sucrose,5
2022_05_06_abb04,91,2600,0,1228383,spout01,19,100,abb,1,5/6/2022,sucrose05,sucrose,5
2022_05_06_abb04,91,2700,0,1228383,spout01,19,100,abb,1,5/6/2022,sucrose05,sucrose,5
2022_05_06_abb04,91,2800,0,1228383,spout01,19,100,abb,1,5/6/2022,sucrose05,sucrose,5
2022_05_06_abb04,91,2900,0,1228383,spout01,19,100,abb,1,5/6/2022,sucrose05,sucrose,5
2022_05_06_abb04,92,0,0,1243960,spout03,19,100,abb,1,5/6/2022,sucrose00,sucrose,0
2022_05_06_abb04,92,100,0,1243960,spout03,19,100,abb,1,5/6/2022,sucrose00,sucrose,0
2022_05_06_abb04,92,200,0,1243960,spout03,19,100,abb,1,5/6/2022,sucrose00,sucrose,0
2022_05_06_abb04,92,300,0,1243960,spout03,19,100,abb,1,5/6/2022,sucrose00,sucrose,0
2022_05_06_abb04,92,400,0,1243960,spout03,19,100,abb,1,5/6/2022,sucrose00,sucrose,0
2022_05_06_abb04,92,500,0,1243960,spout03,19,100,abb,1,5/6/2022,sucrose00,sucrose,0
2022_05_06_abb04,92,600,0,1243960,spout03,19,100,abb,1,5/6/2022,sucrose00,sucrose,0
2022_05_06_abb04,92,700,0,1243960,spout03,19,100,abb,1,5/6/2022,sucrose00,sucrose,0
2022_05_06_abb04,92,800,0,1243960,spout03,19,100,abb,1,5/6/2022,sucrose00,sucrose,0
2022_05_06_abb04,92,900,0,1243960,spout03,19,100,abb,1,5/6/2022,sucrose00,sucrose,0
2022_05_06_abb04,92,1000,0,1243960,spout03,19,100,abb,1,5/6/2022,sucrose00,sucrose,0
2022_05_06_abb04,92,1100,0,1243960,spout03,19,100,abb,1,5/6/2022,sucrose00,sucrose,0
2022_05_06_abb04,92,1200,0,1243960,spout03,19,100,abb,1,5/6/2022,sucrose00,sucrose,0
2022_05_06_abb04,92,1300,0,1243960,spout03,19,100,abb,1,5/6/2022,sucrose00,sucrose,0
2022_05_06_abb04,92,1400,0,1243960,spout03,19,100,abb,1,5/6/2022,sucrose00,sucrose,0
2022_05_06_abb04,92,1500,0,1243960,spout03,19,100,abb,1,5/6/2022,sucrose00,sucrose,0
2022_05_06_abb04,92,1600,0,1243960,spout03,19,100,abb,1,5/6/2022,sucrose00,sucrose,0
2022_05_06_abb04,92,1700,0,1243960,spout03,19,100,abb,1,5/6/2022,sucrose00,sucrose,0
2022_05_06_abb04,92,1800,0,1243960,spout03,19,100,abb,1,5/6/2022,sucrose00,sucrose,0
2022_05_06_abb04,92,1900,0,1243960,spout03,19,100,abb,1,5/6/2022,sucrose00,sucrose,0
2022_05_06_abb04,92,2000,0,1243960,spout03,19,100,abb,1,5/6/2022,sucrose00,sucrose,0
2022_05_06_abb04,92,2100,0,1243960,spout03,19,100,abb,1,5/6/2022,sucrose00,sucrose,0
2022_05_06_abb04,92,2200,0,1243960,spout03,19,100,abb,1,5/6/2022,sucrose00,sucrose,0
2022_05_06_abb04,92,2300,0,1243960,spout03,19,100,abb,1,5/6/2022,sucrose00,sucrose,0
2022_05_06_abb04,92,2400,0,1243960,spout03,19,100,abb,1,5/6/2022,sucrose00,sucrose,0
2022_05_06_abb04,92,2500,0,1243960,spout03,19,100,abb,1,5/6/2022,sucrose00,sucrose,0
2022_05_06_abb04,92,2600,0,1243960,spout03,19,100,abb,1,5/6/2022,sucrose00,sucrose,0
2022_05_06_abb04,92,2700,0,1243960,spout03,19,100,abb,1,5/6/2022,sucrose00,sucrose,0
2022_05_06_abb04,92,2800,0,1243960,spout03,19,100,abb,1,5/6/2022,sucrose00,sucrose,0
2022_05_06_abb04,92,2900,0,1243960,spout03,19,100,abb,1,5/6/2022,sucrose00,sucrose,0
2022_05_06_abb04,93,0,0,1256150,spout05,19,100,abb,1,5/6/2022,sucrose10,sucrose,10
2022_05_06_abb04,93,100,0,1256150,spout05,19,100,abb,1,5/6/2022,sucrose10,sucrose,10
2022_05_06_abb04,93,200,1,1256150,spout05,19,100,abb,1,5/6/2022,sucrose10,sucrose,10
2022_05_06_abb04,93,300,0,1256150,spout05,19,100,abb,1,5/6/2022,sucrose10,sucrose,10
2022_05_06_abb04,93,400,1,1256150,spout05,19,100,abb,1,5/6/2022,sucrose10,sucrose,10
2022_05_06_abb04,93,500,1,1256150,spout05,19,100,abb,1,5/6/2022,sucrose10,sucrose,10
2022_05_06_abb04,93,600,1,1256150,spout05,19,100,abb,1,5/6/2022,sucrose10,sucrose,10
2022_05_06_abb04,93,700,0,1256150,spout05,19,100,abb,1,5/6/2022,sucrose10,sucrose,10
2022_05_06_abb04,93,800,1,1256150,spout05,19,100,abb,1,5/6/2022,sucrose10,sucrose,10
2022_05_06_abb04,93,900,0,1256150,spout05,19,100,abb,1,5/6/2022,sucrose10,sucrose,10
2022_05_06_abb04,93,1000,0,1256150,spout05,19,100,abb,1,5/6/2022,sucrose10,sucrose,10
2022_05_06_abb04,93,1100,0,1256150,spout05,19,100,abb,1,5/6/2022,sucrose10,sucrose,10
2022_05_06_abb04,93,1200,0,1256150,spout05,19,100,abb,1,5/6/2022,sucrose10,sucrose,10
2022_05_06_abb04,93,1300,1,1256150,spout05,19,100,abb,1,5/6/2022,sucrose10,sucrose,10
2022_05_06_abb04,93,1400,0,1256150,spout05,19,100,abb,1,5/6/2022,sucrose10,sucrose,10
2022_05_06_abb04,93,1500,1,1256150,spout05,19,100,abb,1,5/6/2022,sucrose10,sucrose,10
2022_05_06_abb04,93,1600,1,1256150,spout05,19,100,abb,1,5/6/2022,sucrose10,sucrose,10
2022_05_06_abb04,93,1700,1,1256150,spout05,19,100,abb,1,5/6/2022,sucrose10,sucrose,10
2022_05_06_abb04,93,1800,1,1256150,spout05,19,100,abb,1,5/6/2022,sucrose10,sucrose,10
2022_05_06_abb04,93,1900,0,1256150,spout05,19,100,abb,1,5/6/2022,sucrose10,sucrose,10
2022_05_06_abb04,93,2000,0,1256150,spout05,19,100,abb,1,5/6/2022,sucrose10,sucrose,10
2022_05_06_abb04,93,2100,0,1256150,spout05,19,100,abb,1,5/6/2022,sucrose10,sucrose,10
2022_05_06_abb04,93,2200,1,1256150,spout05,19,100,abb,1,5/6/2022,sucrose10,sucrose,10
2022_05_06_abb04,93,2300,0,1256150,spout05,19,100,abb,1,5/6/2022,sucrose10,sucrose,10
2022_05_06_abb04,93,2400,1,1256150,spout05,19,100,abb,1,5/6/2022,sucrose10,sucrose,10
2022_05_06_abb04,93,2500,0,1256150,spout05,19,100,abb,1,5/6/2022,sucrose10,sucrose,10
2022_05_06_abb04,93,2600,1,1256150,spout05,19,100,abb,1,5/6/2022,sucrose10,sucrose,10
2022_05_06_abb04,93,2700,0,1256150,spout05,19,100,abb,1,5/6/2022,sucrose10,sucrose,10
2022_05_06_abb04,93,2800,1,1256150,spout05,19,100,abb,1,5/6/2022,sucrose10,sucrose,10
2022_05_06_abb04,93,2900,1,1256150,spout05,19,100,abb,1,5/6/2022,sucrose10,sucrose,10
2022_05_06_abb04,94,0,0,1269421,spout04,19,100,abb,1,5/6/2022,sucrose30,sucrose,30
2022_05_06_abb04,94,100,0,1269421,spout04,19,100,abb,1,5/6/2022,sucrose30,sucrose,30
2022_05_06_abb04,94,200,1,1269421,spout04,19,100,abb,1,5/6/2022,sucrose30,sucrose,30
2022_05_06_abb04,94,300,0,1269421,spout04,19,100,abb,1,5/6/2022,sucrose30,sucrose,30
2022_05_06_abb04,94,400,1,1269421,spout04,19,100,abb,1,5/6/2022,sucrose30,sucrose,30
2022_05_06_abb04,94,500,1,1269421,spout04,19,100,abb,1,5/6/2022,sucrose30,sucrose,30
2022_05_06_abb04,94,600,1,1269421,spout04,19,100,abb,1,5/6/2022,sucrose30,sucrose,30
2022_05_06_abb04,94,700,0,1269421,spout04,19,100,abb,1,5/6/2022,sucrose30,sucrose,30
2022_05_06_abb04,94,800,1,1269421,spout04,19,100,abb,1,5/6/2022,sucrose30,sucrose,30
2022_05_06_abb04,94,900,1,1269421,spout04,19,100,abb,1,5/6/2022,sucrose30,sucrose,30
2022_05_06_abb04,94,1000,0,1269421,spout04,19,100,abb,1,5/6/2022,sucrose30,sucrose,30
2022_05_06_abb04,94,1100,0,1269421,spout04,19,100,abb,1,5/6/2022,sucrose30,sucrose,30
2022_05_06_abb04,94,1200,1,1269421,spout04,19,100,abb,1,5/6/2022,sucrose30,sucrose,30
2022_05_06_abb04,94,1300,0,1269421,spout04,19,100,abb,1,5/6/2022,sucrose30,sucrose,30
2022_05_06_abb04,94,1400,1,1269421,spout04,19,100,abb,1,5/6/2022,sucrose30,sucrose,30
2022_05_06_abb04,94,1500,0,1269421,spout04,19,100,abb,1,5/6/2022,sucrose30,sucrose,30
2022_05_06_abb04,94,1600,1,1269421,spout04,19,100,abb,1,5/6/2022,sucrose30,sucrose,30
2022_05_06_abb04,94,1700,1,1269421,spout04,19,100,abb,1,5/6/2022,sucrose30,sucrose,30
2022_05_06_abb04,94,1800,0,1269421,spout04,19,100,abb,1,5/6/2022,sucrose30,sucrose,30
2022_05_06_abb04,94,1900,1,1269421,spout04,19,100,abb,1,5/6/2022,sucrose30,sucrose,30
2022_05_06_abb04,94,2000,1,1269421,spout04,19,100,abb,1,5/6/2022,sucrose30,sucrose,30
2022_05_06_abb04,94,2100,1,1269421,spout04,19,100,abb,1,5/6/2022,sucrose30,sucrose,30
2022_05_06_abb04,94,2200,1,1269421,spout04,19,100,abb,1,5/6/2022,sucrose30,sucrose,30
2022_05_06_abb04,94,2300,0,1269421,spout04,19,100,abb,1,5/6/2022,sucrose30,sucrose,30
2022_05_06_abb04,94,2400,0,1269421,spout04,19,100,abb,1,5/6/2022,sucrose30,sucrose,30
2022_05_06_abb04,94,2500,1,1269421,spout04,19,100,abb,1,5/6/2022,sucrose30,sucrose,30
2022_05_06_abb04,94,2600,1,1269421,spout04,19,100,abb,1,5/6/2022,sucrose30,sucrose,30
2022_05_06_abb04,94,2700,0,1269421,spout04,19,100,abb,1,5/6/2022,sucrose30,sucrose,30
2022_05_06_abb04,94,2800,1,1269421,spout04,19,100,abb,1,5/6/2022,sucrose30,sucrose,30
2022_05_06_abb04,94,2900,0,1269421,spout04,19,100,abb,1,5/6/2022,sucrose30,sucrose,30
2022_05_06_abb04,95,0,0,1282014,spout01,20,100,abb,1,5/6/2022,sucrose05,sucrose,5
2022_05_06_abb04,95,100,0,1282014,spout01,20,100,abb,1,5/6/2022,sucrose05,sucrose,5
2022_05_06_abb04,95,200,0,1282014,spout01,20,100,abb,1,5/6/2022,sucrose05,sucrose,5
2022_05_06_abb04,95,300,0,1282014,spout01,20,100,abb,1,5/6/2022,sucrose05,sucrose,5
2022_05_06_abb04,95,400,0,1282014,spout01,20,100,abb,1,5/6/2022,sucrose05,sucrose,5
2022_05_06_abb04,95,500,0,1282014,spout01,20,100,abb,1,5/6/2022,sucrose05,sucrose,5
2022_05_06_abb04,95,600,0,1282014,spout01,20,100,abb,1,5/6/2022,sucrose05,sucrose,5
2022_05_06_abb04,95,700,0,1282014,spout01,20,100,abb,1,5/6/2022,sucrose05,sucrose,5
2022_05_06_abb04,95,800,0,1282014,spout01,20,100,abb,1,5/6/2022,sucrose05,sucrose,5
2022_05_06_abb04,95,900,0,1282014,spout01,20,100,abb,1,5/6/2022,sucrose05,sucrose,5
2022_05_06_abb04,95,1000,0,1282014,spout01,20,100,abb,1,5/6/2022,sucrose05,sucrose,5
2022_05_06_abb04,95,1100,0,1282014,spout01,20,100,abb,1,5/6/2022,sucrose05,sucrose,5
2022_05_06_abb04,95,1200,0,1282014,spout01,20,100,abb,1,5/6/2022,sucrose05,sucrose,5
2022_05_06_abb04,95,1300,0,1282014,spout01,20,100,abb,1,5/6/2022,sucrose05,sucrose,5
2022_05_06_abb04,95,1400,0,1282014,spout01,20,100,abb,1,5/6/2022,sucrose05,sucrose,5
2022_05_06_abb04,95,1500,0,1282014,spout01,20,100,abb,1,5/6/2022,sucrose05,sucrose,5
2022_05_06_abb04,95,1600,0,1282014,spout01,20,100,abb,1,5/6/2022,sucrose05,sucrose,5
2022_05_06_abb04,95,1700,0,1282014,spout01,20,100,abb,1,5/6/2022,sucrose05,sucrose,5
2022_05_06_abb04,95,1800,0,1282014,spout01,20,100,abb,1,5/6/2022,sucrose05,sucrose,5
2022_05_06_abb04,95,1900,0,1282014,spout01,20,100,abb,1,5/6/2022,sucrose05,sucrose,5
2022_05_06_abb04,95,2000,0,1282014,spout01,20,100,abb,1,5/6/2022,sucrose05,sucrose,5
2022_05_06_abb04,95,2100,0,1282014,spout01,20,100,abb,1,5/6/2022,sucrose05,sucrose,5
2022_05_06_abb04,95,2200,0,1282014,spout01,20,100,abb,1,5/6/2022,sucrose05,sucrose,5
2022_05_06_abb04,95,2300,0,1282014,spout01,20,100,abb,1,5/6/2022,sucrose05,sucrose,5
2022_05_06_abb04,95,2400,0,1282014,spout01,20,100,abb,1,5/6/2022,sucrose05,sucrose,5
2022_05_06_abb04,95,2500,0,1282014,spout01,20,100,abb,1,5/6/2022,sucrose05,sucrose,5
2022_05_06_abb04,95,2600,0,1282014,spout01,20,100,abb,1,5/6/2022,sucrose05,sucrose,5
2022_05_06_abb04,95,2700,0,1282014,spout01,20,100,abb,1,5/6/2022,sucrose05,sucrose,5
2022_05_06_abb04,95,2800,0,1282014,spout01,20,100,abb,1,5/6/2022,sucrose05,sucrose,5
2022_05_06_abb04,95,2900,0,1282014,spout01,20,100,abb,1,5/6/2022,sucrose05,sucrose,5
2022_05_06_abb04,96,0,0,1293694,spout02,19,100,abb,1,5/6/2022,sucrose20,sucrose,20
2022_05_06_abb04,96,100,0,1293694,spout02,19,100,abb,1,5/6/2022,sucrose20,sucrose,20
2022_05_06_abb04,96,200,0,1293694,spout02,19,100,abb,1,5/6/2022,sucrose20,sucrose,20
2022_05_06_abb04,96,300,1,1293694,spout02,19,100,abb,1,5/6/2022,sucrose20,sucrose,20
2022_05_06_abb04,96,400,1,1293694,spout02,19,100,abb,1,5/6/2022,sucrose20,sucrose,20
2022_05_06_abb04,96,500,1,1293694,spout02,19,100,abb,1,5/6/2022,sucrose20,sucrose,20
2022_05_06_abb04,96,600,1,1293694,spout02,19,100,abb,1,5/6/2022,sucrose20,sucrose,20
2022_05_06_abb04,96,700,1,1293694,spout02,19,100,abb,1,5/6/2022,sucrose20,sucrose,20
2022_05_06_abb04,96,800,0,1293694,spout02,19,100,abb,1,5/6/2022,sucrose20,sucrose,20
2022_05_06_abb04,96,900,0,1293694,spout02,19,100,abb,1,5/6/2022,sucrose20,sucrose,20
2022_05_06_abb04,96,1000,0,1293694,spout02,19,100,abb,1,5/6/2022,sucrose20,sucrose,20
2022_05_06_abb04,96,1100,0,1293694,spout02,19,100,abb,1,5/6/2022,sucrose20,sucrose,20
2022_05_06_abb04,96,1200,0,1293694,spout02,19,100,abb,1,5/6/2022,sucrose20,sucrose,20
2022_05_06_abb04,96,1300,0,1293694,spout02,19,100,abb,1,5/6/2022,sucrose20,sucrose,20
2022_05_06_abb04,96,1400,0,1293694,spout02,19,100,abb,1,5/6/2022,sucrose20,sucrose,20
2022_05_06_abb04,96,1500,0,1293694,spout02,19,100,abb,1,5/6/2022,sucrose20,sucrose,20
2022_05_06_abb04,96,1600,0,1293694,spout02,19,100,abb,1,5/6/2022,sucrose20,sucrose,20
2022_05_06_abb04,96,1700,0,1293694,spout02,19,100,abb,1,5/6/2022,sucrose20,sucrose,20
2022_05_06_abb04,96,1800,0,1293694,spout02,19,100,abb,1,5/6/2022,sucrose20,sucrose,20
2022_05_06_abb04,96,1900,0,1293694,spout02,19,100,abb,1,5/6/2022,sucrose20,sucrose,20
2022_05_06_abb04,96,2000,0,1293694,spout02,19,100,abb,1,5/6/2022,sucrose20,sucrose,20
2022_05_06_abb04,96,2100,0,1293694,spout02,19,100,abb,1,5/6/2022,sucrose20,sucrose,20
2022_05_06_abb04,96,2200,0,1293694,spout02,19,100,abb,1,5/6/2022,sucrose20,sucrose,20
2022_05_06_abb04,96,2300,0,1293694,spout02,19,100,abb,1,5/6/2022,sucrose20,sucrose,20
2022_05_06_abb04,96,2400,0,1293694,spout02,19,100,abb,1,5/6/2022,sucrose20,sucrose,20
2022_05_06_abb04,96,2500,0,1293694,spout02,19,100,abb,1,5/6/2022,sucrose20,sucrose,20
2022_05_06_abb04,96,2600,0,1293694,spout02,19,100,abb,1,5/6/2022,sucrose20,sucrose,20
2022_05_06_abb04,96,2700,0,1293694,spout02,19,100,abb,1,5/6/2022,sucrose20,sucrose,20
2022_05_06_abb04,96,2800,0,1293694,spout02,19,100,abb,1,5/6/2022,sucrose20,sucrose,20
2022_05_06_abb04,96,2900,0,1293694,spout02,19,100,abb,1,5/6/2022,sucrose20,sucrose,20
2022_05_06_abb04,97,0,0,1305057,spout04,20,100,abb,1,5/6/2022,sucrose30,sucrose,30
2022_05_06_abb04,97,100,0,1305057,spout04,20,100,abb,1,5/6/2022,sucrose30,sucrose,30
2022_05_06_abb04,97,200,0,1305057,spout04,20,100,abb,1,5/6/2022,sucrose30,sucrose,30
2022_05_06_abb04,97,300,0,1305057,spout04,20,100,abb,1,5/6/2022,sucrose30,sucrose,30
2022_05_06_abb04,97,400,0,1305057,spout04,20,100,abb,1,5/6/2022,sucrose30,sucrose,30
2022_05_06_abb04,97,500,0,1305057,spout04,20,100,abb,1,5/6/2022,sucrose30,sucrose,30
2022_05_06_abb04,97,600,0,1305057,spout04,20,100,abb,1,5/6/2022,sucrose30,sucrose,30
2022_05_06_abb04,97,700,0,1305057,spout04,20,100,abb,1,5/6/2022,sucrose30,sucrose,30
2022_05_06_abb04,97,800,0,1305057,spout04,20,100,abb,1,5/6/2022,sucrose30,sucrose,30
2022_05_06_abb04,97,900,0,1305057,spout04,20,100,abb,1,5/6/2022,sucrose30,sucrose,30
2022_05_06_abb04,97,1000,0,1305057,spout04,20,100,abb,1,5/6/2022,sucrose30,sucrose,30
2022_05_06_abb04,97,1100,0,1305057,spout04,20,100,abb,1,5/6/2022,sucrose30,sucrose,30
2022_05_06_abb04,97,1200,0,1305057,spout04,20,100,abb,1,5/6/2022,sucrose30,sucrose,30
2022_05_06_abb04,97,1300,0,1305057,spout04,20,100,abb,1,5/6/2022,sucrose30,sucrose,30
2022_05_06_abb04,97,1400,0,1305057,spout04,20,100,abb,1,5/6/2022,sucrose30,sucrose,30
2022_05_06_abb04,97,1500,0,1305057,spout04,20,100,abb,1,5/6/2022,sucrose30,sucrose,30
2022_05_06_abb04,97,1600,0,1305057,spout04,20,100,abb,1,5/6/2022,sucrose30,sucrose,30
2022_05_06_abb04,97,1700,0,1305057,spout04,20,100,abb,1,5/6/2022,sucrose30,sucrose,30
2022_05_06_abb04,97,1800,0,1305057,spout04,20,100,abb,1,5/6/2022,sucrose30,sucrose,30
2022_05_06_abb04,97,1900,0,1305057,spout04,20,100,abb,1,5/6/2022,sucrose30,sucrose,30
2022_05_06_abb04,97,2000,0,1305057,spout04,20,100,abb,1,5/6/2022,sucrose30,sucrose,30
2022_05_06_abb04,97,2100,0,1305057,spout04,20,100,abb,1,5/6/2022,sucrose30,sucrose,30
2022_05_06_abb04,97,2200,0,1305057,spout04,20,100,abb,1,5/6/2022,sucrose30,sucrose,30
2022_05_06_abb04,97,2300,0,1305057,spout04,20,100,abb,1,5/6/2022,sucrose30,sucrose,30
2022_05_06_abb04,97,2400,0,1305057,spout04,20,100,abb,1,5/6/2022,sucrose30,sucrose,30
2022_05_06_abb04,97,2500,0,1305057,spout04,20,100,abb,1,5/6/2022,sucrose30,sucrose,30
2022_05_06_abb04,97,2600,0,1305057,spout04,20,100,abb,1,5/6/2022,sucrose30,sucrose,30
2022_05_06_abb04,97,2700,0,1305057,spout04,20,100,abb,1,5/6/2022,sucrose30,sucrose,30
2022_05_06_abb04,97,2800,0,1305057,spout04,20,100,abb,1,5/6/2022,sucrose30,sucrose,30
2022_05_06_abb04,97,2900,0,1305057,spout04,20,100,abb,1,5/6/2022,sucrose30,sucrose,30
2022_05_06_abb04,98,0,0,1318187,spout05,20,100,abb,1,5/6/2022,sucrose10,sucrose,10
2022_05_06_abb04,98,100,0,1318187,spout05,20,100,abb,1,5/6/2022,sucrose10,sucrose,10
2022_05_06_abb04,98,200,0,1318187,spout05,20,100,abb,1,5/6/2022,sucrose10,sucrose,10
2022_05_06_abb04,98,300,0,1318187,spout05,20,100,abb,1,5/6/2022,sucrose10,sucrose,10
2022_05_06_abb04,98,400,0,1318187,spout05,20,100,abb,1,5/6/2022,sucrose10,sucrose,10
2022_05_06_abb04,98,500,0,1318187,spout05,20,100,abb,1,5/6/2022,sucrose10,sucrose,10
2022_05_06_abb04,98,600,0,1318187,spout05,20,100,abb,1,5/6/2022,sucrose10,sucrose,10
2022_05_06_abb04,98,700,0,1318187,spout05,20,100,abb,1,5/6/2022,sucrose10,sucrose,10
2022_05_06_abb04,98,800,0,1318187,spout05,20,100,abb,1,5/6/2022,sucrose10,sucrose,10
2022_05_06_abb04,98,900,0,1318187,spout05,20,100,abb,1,5/6/2022,sucrose10,sucrose,10
2022_05_06_abb04,98,1000,0,1318187,spout05,20,100,abb,1,5/6/2022,sucrose10,sucrose,10
2022_05_06_abb04,98,1100,0,1318187,spout05,20,100,abb,1,5/6/2022,sucrose10,sucrose,10
2022_05_06_abb04,98,1200,0,1318187,spout05,20,100,abb,1,5/6/2022,sucrose10,sucrose,10
2022_05_06_abb04,98,1300,0,1318187,spout05,20,100,abb,1,5/6/2022,sucrose10,sucrose,10
2022_05_06_abb04,98,1400,0,1318187,spout05,20,100,abb,1,5/6/2022,sucrose10,sucrose,10
2022_05_06_abb04,98,1500,0,1318187,spout05,20,100,abb,1,5/6/2022,sucrose10,sucrose,10
2022_05_06_abb04,98,1600,0,1318187,spout05,20,100,abb,1,5/6/2022,sucrose10,sucrose,10
2022_05_06_abb04,98,1700,0,1318187,spout05,20,100,abb,1,5/6/2022,sucrose10,sucrose,10
2022_05_06_abb04,98,1800,0,1318187,spout05,20,100,abb,1,5/6/2022,sucrose10,sucrose,10
2022_05_06_abb04,98,1900,0,1318187,spout05,20,100,abb,1,5/6/2022,sucrose10,sucrose,10
2022_05_06_abb04,98,2000,0,1318187,spout05,20,100,abb,1,5/6/2022,sucrose10,sucrose,10
2022_05_06_abb04,98,2100,0,1318187,spout05,20,100,abb,1,5/6/2022,sucrose10,sucrose,10
2022_05_06_abb04,98,2200,0,1318187,spout05,20,100,abb,1,5/6/2022,sucrose10,sucrose,10
2022_05_06_abb04,98,2300,0,1318187,spout05,20,100,abb,1,5/6/2022,sucrose10,sucrose,10
2022_05_06_abb04,98,2400,0,1318187,spout05,20,100,abb,1,5/6/2022,sucrose10,sucrose,10
2022_05_06_abb04,98,2500,0,1318187,spout05,20,100,abb,1,5/6/2022,sucrose10,sucrose,10
2022_05_06_abb04,98,2600,0,1318187,spout05,20,100,abb,1,5/6/2022,sucrose10,sucrose,10
2022_05_06_abb04,98,2700,0,1318187,spout05,20,100,abb,1,5/6/2022,sucrose10,sucrose,10
2022_05_06_abb04,98,2800,0,1318187,spout05,20,100,abb,1,5/6/2022,sucrose10,sucrose,10
2022_05_06_abb04,98,2900,0,1318187,spout05,20,100,abb,1,5/6/2022,sucrose10,sucrose,10
2022_05_06_abb04,99,0,0,1332456,spout03,20,100,abb,1,5/6/2022,sucrose00,sucrose,0
2022_05_06_abb04,99,100,0,1332456,spout03,20,100,abb,1,5/6/2022,sucrose00,sucrose,0
2022_05_06_abb04,99,200,0,1332456,spout03,20,100,abb,1,5/6/2022,sucrose00,sucrose,0
2022_05_06_abb04,99,300,0,1332456,spout03,20,100,abb,1,5/6/2022,sucrose00,sucrose,0
2022_05_06_abb04,99,400,0,1332456,spout03,20,100,abb,1,5/6/2022,sucrose00,sucrose,0
2022_05_06_abb04,99,500,0,1332456,spout03,20,100,abb,1,5/6/2022,sucrose00,sucrose,0
2022_05_06_abb04,99,600,0,1332456,spout03,20,100,abb,1,5/6/2022,sucrose00,sucrose,0
2022_05_06_abb04,99,700,0,1332456,spout03,20,100,abb,1,5/6/2022,sucrose00,sucrose,0
2022_05_06_abb04,99,800,0,1332456,spout03,20,100,abb,1,5/6/2022,sucrose00,sucrose,0
2022_05_06_abb04,99,900,0,1332456,spout03,20,100,abb,1,5/6/2022,sucrose00,sucrose,0
2022_05_06_abb04,99,1000,0,1332456,spout03,20,100,abb,1,5/6/2022,sucrose00,sucrose,0
2022_05_06_abb04,99,1100,0,1332456,spout03,20,100,abb,1,5/6/2022,sucrose00,sucrose,0
2022_05_06_abb04,99,1200,0,1332456,spout03,20,100,abb,1,5/6/2022,sucrose00,sucrose,0
2022_05_06_abb04,99,1300,0,1332456,spout03,20,100,abb,1,5/6/2022,sucrose00,sucrose,0
2022_05_06_abb04,99,1400,0,1332456,spout03,20,100,abb,1,5/6/2022,sucrose00,sucrose,0
2022_05_06_abb04,99,1500,0,1332456,spout03,20,100,abb,1,5/6/2022,sucrose00,sucrose,0
2022_05_06_abb04,99,1600,0,1332456,spout03,20,100,abb,1,5/6/2022,sucrose00,sucrose,0
2022_05_06_abb04,99,1700,0,1332456,spout03,20,100,abb,1,5/6/2022,sucrose00,sucrose,0
2022_05_06_abb04,99,1800,0,1332456,spout03,20,100,abb,1,5/6/2022,sucrose00,sucrose,0
2022_05_06_abb04,99,1900,0,1332456,spout03,20,100,abb,1,5/6/2022,sucrose00,sucrose,0
2022_05_06_abb04,99,2000,0,1332456,spout03,20,100,abb,1,5/6/2022,sucrose00,sucrose,0
2022_05_06_abb04,99,2100,0,1332456,spout03,20,100,abb,1,5/6/2022,sucrose00,sucrose,0
2022_05_06_abb04,99,2200,0,1332456,spout03,20,100,abb,1,5/6/2022,sucrose00,sucrose,0
2022_05_06_abb04,99,2300,0,1332456,spout03,20,100,abb,1,5/6/2022,sucrose00,sucrose,0
2022_05_06_abb04,99,2400,0,1332456,spout03,20,100,abb,1,5/6/2022,sucrose00,sucrose,0
2022_05_06_abb04,99,2500,0,1332456,spout03,20,100,abb,1,5/6/2022,sucrose00,sucrose,0
2022_05_06_abb04,99,2600,0,1332456,spout03,20,100,abb,1,5/6/2022,sucrose00,sucrose,0
2022_05_06_abb04,99,2700,0,1332456,spout03,20,100,abb,1,5/6/2022,sucrose00,sucrose,0
2022_05_06_abb04,99,2800,0,1332456,spout03,20,100,abb,1,5/6/2022,sucrose00,sucrose,0
2022_05_06_abb04,99,2900,0,1332456,spout03,20,100,abb,1,5/6/2022,sucrose00,sucrose,0
2022_05_06_abb04,100,0,0,1344133,spout02,20,100,abb,1,5/6/2022,sucrose20,sucrose,20
2022_05_06_abb04,100,100,0,1344133,spout02,20,100,abb,1,5/6/2022,sucrose20,sucrose,20
2022_05_06_abb04,100,200,0,1344133,spout02,20,100,abb,1,5/6/2022,sucrose20,sucrose,20
2022_05_06_abb04,100,300,0,1344133,spout02,20,100,abb,1,5/6/2022,sucrose20,sucrose,20
2022_05_06_abb04,100,400,1,1344133,spout02,20,100,abb,1,5/6/2022,sucrose20,sucrose,20
2022_05_06_abb04,100,500,1,1344133,spout02,20,100,abb,1,5/6/2022,sucrose20,sucrose,20
2022_05_06_abb04,100,600,0,1344133,spout02,20,100,abb,1,5/6/2022,sucrose20,sucrose,20
2022_05_06_abb04,100,700,0,1344133,spout02,20,100,abb,1,5/6/2022,sucrose20,sucrose,20
2022_05_06_abb04,100,800,1,1344133,spout02,20,100,abb,1,5/6/2022,sucrose20,sucrose,20
2022_05_06_abb04,100,900,0,1344133,spout02,20,100,abb,1,5/6/2022,sucrose20,sucrose,20
2022_05_06_abb04,100,1000,0,1344133,spout02,20,100,abb,1,5/6/2022,sucrose20,sucrose,20
2022_05_06_abb04,100,1100,1,1344133,spout02,20,100,abb,1,5/6/2022,sucrose20,sucrose,20
2022_05_06_abb04,100,1200,0,1344133,spout02,20,100,abb,1,5/6/2022,sucrose20,sucrose,20
2022_05_06_abb04,100,1300,1,1344133,spout02,20,100,abb,1,5/6/2022,sucrose20,sucrose,20
2022_05_06_abb04,100,1400,0,1344133,spout02,20,100,abb,1,5/6/2022,sucrose20,sucrose,20
2022_05_06_abb04,100,1500,1,1344133,spout02,20,100,abb,1,5/6/2022,sucrose20,sucrose,20
2022_05_06_abb04,100,1600,1,1344133,spout02,20,100,abb,1,5/6/2022,sucrose20,sucrose,20
2022_05_06_abb04,100,1700,1,1344133,spout02,20,100,abb,1,5/6/2022,sucrose20,sucrose,20
2022_05_06_abb04,100,1800,0,1344133,spout02,20,100,abb,1,5/6/2022,sucrose20,sucrose,20
2022_05_06_abb04,100,1900,0,1344133,spout02,20,100,abb,1,5/6/2022,sucrose20,sucrose,20
2022_05_06_abb04,100,2000,1,1344133,spout02,20,100,abb,1,5/6/2022,sucrose20,sucrose,20
2022_05_06_abb04,100,2100,0,1344133,spout02,20,100,abb,1,5/6/2022,sucrose20,sucrose,20
2022_05_06_abb04,100,2200,1,1344133,spout02,20,100,abb,1,5/6/2022,sucrose20,sucrose,20
2022_05_06_abb04,100,2300,1,1344133,spout02,20,100,abb,1,5/6/2022,sucrose20,sucrose,20
2022_05_06_abb04,100,2400,0,1344133,spout02,20,100,abb,1,5/6/2022,sucrose20,sucrose,20
2022_05_06_abb04,100,2500,1,1344133,spout02,20,100,abb,1,5/6/2022,sucrose20,sucrose,20
2022_05_06_abb04,100,2600,0,1344133,spout02,20,100,abb,1,5/6/2022,sucrose20,sucrose,20
2022_05_06_abb04,100,2700,0,1344133,spout02,20,100,abb,1,5/6/2022,sucrose20,sucrose,20
2022_05_06_abb04,100,2800,0,1344133,spout02,20,100,abb,1,5/6/2022,sucrose20,sucrose,20
2022_05_06_abb04,100,2900,0,1344133,spout02,20,100,abb,1,5/6/2022,sucrose20,sucrose,20
